conv,1,3,222,222,96,7,7,2,2,3,3,1,<5>|2.42422|91.75
conv,1,3,222,222,96,7,7,2,2,3,3,1,<2>|0.0944434|125
conv,1,3,222,222,96,7,7,2,2,3,3,1,<1>|0.0603554|120
conv,1,3,222,222,96,7,7,2,2,3,3,1,<0>|0.0535615|175
pool_max,1,96,111,111,4,3,3,2,2,0,0,0|0.0107063|180.2
conv,1,96,55,55,16,1,1,1,1,0,0,1,<4>|0.212787|138.8
conv,1,96,55,55,16,1,1,1,1,0,0,1,<5>|0.0612232|64
conv,1,96,55,55,16,1,1,1,1,0,0,1,<1>|0.0207164|57
conv,1,96,55,55,16,1,1,1,1,0,0,1,<2>|0.0482265|53
conv,1,96,55,55,16,1,1,1,1,0,0,1,<0>|0.0138409|68.3
conv,1,16,55,55,64,3,3,1,1,1,1,1,<4>|0.238976|124
conv,1,16,55,55,64,3,3,1,1,1,1,1,<5>|0.140741|90.2
conv,1,16,55,55,64,3,3,1,1,1,1,1,<7>|0.111333|129
conv,1,16,55,55,64,3,3,1,1,1,1,1,<0>|0.018812|111
conv,1,16,55,55,64,3,3,1,1,1,1,1,<6>|0.0126633|87
conv,1,16,55,55,64,3,3,1,1,1,1,1,<1>|0.0264788|67
conv,1,16,55,55,64,3,3,1,1,1,1,1,<2>|0.0435304|76.2
conv,1,16,55,55,64,1,1,1,1,0,0,1,<4>|0.23869|134.9
conv,1,16,55,55,64,1,1,1,1,0,0,1,<5>|0.0415394|61.4
conv,1,16,55,55,64,1,1,1,1,0,0,1,<1>|0.0126646|57
conv,1,16,55,55,64,1,1,1,1,0,0,1,<2>|0.0189527|65
conv,1,16,55,55,64,1,1,1,1,0,0,1,<0>|0.00898339|80.9
concat,1,64,55,55,<1>,<1>|0.00960077|61.6
conv,1,96,55,55,128,1,1,1,1,0,0,1,<4>|1.84691|159.8
conv,1,96,55,55,128,1,1,1,1,0,0,1,<5>|0.0899731|85.9
conv,1,96,55,55,128,1,1,1,1,0,0,1,<2>|0.0552652|79
conv,1,96,55,55,128,1,1,1,1,0,0,1,<1>|0.0209571|84
conv,1,96,55,55,128,1,1,1,1,0,0,1,<0>|0.0195965|144.5
ew_add,1,128,55,55|0.00529153|130.5
conv,1,128,55,55,16,1,1,1,1,0,0,1,<4>|0.260312|130.4
conv,1,128,55,55,16,1,1,1,1,0,0,1,<5>|0.0640958|59.2
conv,1,128,55,55,16,1,1,1,1,0,0,1,<2>|0.0613804|53
conv,1,128,55,55,16,1,1,1,1,0,0,1,<0>|0.0165646|71
conv,1,128,55,55,16,1,1,1,1,0,0,1,<1>|0.0240192|59
conv,1,128,55,55,32,1,1,1,1,0,0,1,<4>|1.0061|133.4
conv,1,128,55,55,32,1,1,1,1,0,0,1,<5>|0.0621677|63
conv,1,128,55,55,32,1,1,1,1,0,0,1,<2>|0.0615031|54
conv,1,128,55,55,32,1,1,1,1,0,0,1,<1>|0.0240457|60
conv,1,128,55,55,32,1,1,1,1,0,0,1,<0>|0.0165662|73.1
conv,1,32,55,55,128,3,3,1,1,1,1,1,<4>|0.693517|142.9
conv,1,32,55,55,128,3,3,1,1,1,1,1,<5>|0.298088|134
conv,1,32,55,55,128,3,3,1,1,1,1,1,<7>|0.210947|149.8
conv,1,32,55,55,128,3,3,1,1,1,1,1,<2>|0.0859914|95.1
conv,1,32,55,55,128,3,3,1,1,1,1,1,<6>|0.0247062|107.1
conv,1,32,55,55,128,3,3,1,1,1,1,1,<1>|0.0413719|91
conv,1,32,55,55,128,3,3,1,1,1,1,1,<0>|0.0416424|143.8
conv,1,32,55,55,128,1,1,1,1,0,0,1,<4>|0.693379|144.1
conv,1,32,55,55,128,1,1,1,1,0,0,1,<5>|0.0639553|66.3
conv,1,32,55,55,128,1,1,1,1,0,0,1,<2>|0.0269757|72.9
conv,1,32,55,55,128,1,1,1,1,0,0,1,<1>|0.0144747|68.3
conv,1,32,55,55,128,1,1,1,1,0,0,1,<0>|0.0133525|105.1
concat,1,128,55,55,<1>,<1>|0.015911|56.6
conv,1,128,55,55,256,1,1,1,1,0,0,1,<4>|4.6504|150.538
conv,1,128,55,55,256,1,1,1,1,0,0,1,<5>|0.122712|106
conv,1,128,55,55,256,1,1,1,1,0,0,1,<2>|0.0937757|89
conv,1,128,55,55,256,1,1,1,1,0,0,1,<1>|0.0366777|97
conv,1,128,55,55,256,1,1,1,1,0,0,1,<0>|0.0378336|157
ew_add,1,256,55,55|0.0154934|119.5
pool_max,1,256,55,55,4,3,3,2,2,0,0,0|0.00849236|155.4
conv,1,256,27,27,32,1,1,1,1,0,0,1,<4>|0.48961|137.9
conv,1,256,27,27,32,1,1,1,1,0,0,1,<5>|0.0762205|66
conv,1,256,27,27,32,1,1,1,1,0,0,1,<2>|0.105937|45
conv,1,256,27,27,32,1,1,1,1,0,0,1,<1>|0.0368913|46
conv,1,256,27,27,32,1,1,1,1,0,0,1,<0>|0.0191958|53.1
conv,1,32,27,27,128,3,3,1,1,1,1,1,<4>|0.175374|117.7
conv,1,32,27,27,128,3,3,1,1,1,1,1,<5>|0.120783|114
conv,1,32,27,27,128,3,3,1,1,1,1,1,<7>|0.0684164|134
conv,1,32,27,27,128,3,3,1,1,1,1,1,<2>|0.0683208|59
conv,1,32,27,27,128,3,3,1,1,1,1,1,<6>|0.0157125|72.1
conv,1,32,27,27,128,3,3,1,1,1,1,1,<1>|0.0414091|55
conv,1,32,27,27,128,3,3,1,1,1,1,1,<0>|0.0297385|79
conv,1,32,27,27,128,1,1,1,1,0,0,1,<4>|0.174939|122.8
conv,1,32,27,27,128,1,1,1,1,0,0,1,<5>|0.0424926|57
conv,1,32,27,27,128,1,1,1,1,0,0,1,<2>|0.0215603|53
conv,1,32,27,27,128,1,1,1,1,0,0,1,<1>|0.0143045|48.4
conv,1,32,27,27,128,1,1,1,1,0,0,1,<0>|0.0104634|61
concat,1,128,27,27,<1>,<1>|0.00973333|49
ew_add,1,256,27,27|0.00434397|96.4
conv,1,256,27,27,48,1,1,1,1,0,0,1,<4>|0.486952|130.9
conv,1,256,27,27,48,1,1,1,1,0,0,1,<5>|0.0604157|64.6
conv,1,256,27,27,48,1,1,1,1,0,0,1,<2>|0.105989|46
conv,1,256,27,27,48,1,1,1,1,0,0,1,<1>|0.0371|46
conv,1,256,27,27,48,1,1,1,1,0,0,1,<0>|0.0192346|64
conv,1,48,27,27,192,3,3,1,1,1,1,1,<4>|0.315125|133.8
conv,1,48,27,27,192,3,3,1,1,1,1,1,<5>|0.195165|137.3
conv,1,48,27,27,192,3,3,1,1,1,1,1,<7>|0.10636|146
conv,1,48,27,27,192,3,3,1,1,1,1,1,<1>|0.0562303|61.7
conv,1,48,27,27,192,3,3,1,1,1,1,1,<2>|0.0785333|71
conv,1,48,27,27,192,3,3,1,1,1,1,1,<6>|0.0195945|91
conv,1,48,27,27,192,3,3,1,1,1,1,1,<0>|0.0420042|97
conv,1,48,27,27,192,1,1,1,1,0,0,1,<4>|0.313281|138.7
conv,1,48,27,27,192,1,1,1,1,0,0,1,<5>|0.0477095|65.6
conv,1,48,27,27,192,1,1,1,1,0,0,1,<2>|0.0349965|52
conv,1,48,27,27,192,1,1,1,1,0,0,1,<1>|0.0158825|53
conv,1,48,27,27,192,1,1,1,1,0,0,1,<0>|0.0135583|73
concat,1,192,27,27,<1>,<1>|0.00960807|53.1
conv,1,256,27,27,384,1,1,1,1,0,0,1,<4>|2.60225|152.182
conv,1,256,27,27,384,1,1,1,1,0,0,1,<5>|0.138745|113
conv,1,256,27,27,384,1,1,1,1,0,0,1,<2>|0.116173|65
conv,1,256,27,27,384,1,1,1,1,0,0,1,<1>|0.0371317|77
conv,1,256,27,27,384,1,1,1,1,0,0,1,<0>|0.0293833|139.1
ew_add,1,384,27,27|0.00482208|113.5
conv,1,384,27,27,48,1,1,1,1,0,0,1,<4>|0.709655|132.636
conv,1,384,27,27,48,1,1,1,1,0,0,1,<5>|0.0702105|71.8
conv,1,384,27,27,48,1,1,1,1,0,0,1,<2>|0.111644|49
conv,1,384,27,27,48,1,1,1,1,0,0,1,<1>|0.0497811|47
conv,1,384,27,27,48,1,1,1,1,0,0,1,<0>|0.0258374|66
conv,1,384,27,27,64,1,1,1,1,0,0,1,<4>|0.758815|136.9
conv,1,384,27,27,64,1,1,1,1,0,0,1,<2>|0.111667|49
conv,1,384,27,27,64,1,1,1,1,0,0,1,<5>|0.0809355|70.1
conv,1,384,27,27,64,1,1,1,1,0,0,1,<1>|0.0498903|47
conv,1,384,27,27,64,1,1,1,1,0,0,1,<0>|0.0258939|67
conv,1,64,27,27,256,3,3,1,1,1,1,1,<4>|0.50955|140.3
conv,1,64,27,27,256,3,3,1,1,1,1,1,<5>|0.294794|152
conv,1,64,27,27,256,3,3,1,1,1,1,1,<7>|0.153252|150.9
conv,1,64,27,27,256,3,3,1,1,1,1,1,<1>|0.0713665|67
conv,1,64,27,27,256,3,3,1,1,1,1,1,<2>|0.0923871|82
conv,1,64,27,27,256,3,3,1,1,1,1,1,<6>|0.0240866|113.1
conv,1,64,27,27,256,3,3,1,1,1,1,1,<0>|0.0566554|117
conv,1,64,27,27,256,1,1,1,1,0,0,1,<4>|0.50785|139
conv,1,64,27,27,256,1,1,1,1,0,0,1,<5>|0.0503668|77.8
conv,1,64,27,27,256,1,1,1,1,0,0,1,<1>|0.0175|57
conv,1,64,27,27,256,1,1,1,1,0,0,1,<2>|0.0368913|57.9
conv,1,64,27,27,256,1,1,1,1,0,0,1,<0>|0.0162107|82
concat,1,256,27,27,<1>,<1>|0.00855494|58.5
conv,1,384,27,27,512,1,1,1,1,0,0,1,<4>|4.9732|152.267
conv,1,384,27,27,512,1,1,1,1,0,0,1,<5>|0.228068|124
conv,1,384,27,27,512,1,1,1,1,0,0,1,<2>|0.135635|78
conv,1,384,27,27,512,1,1,1,1,0,0,1,<0>|0.0530317|143
conv,1,384,27,27,512,1,1,1,1,0,0,1,<1>|0.05007|90
ew_add,1,512,27,27|0.00528368|127.7
pool_max,1,512,27,27,4,3,3,2,2,0,0,0|0.00559497|119.5
conv,1,512,13,13,64,1,1,1,1,0,0,1,<4>|0.327161|139.7
conv,1,512,13,13,64,1,1,1,1,0,0,1,<5>|0.0862328|84.4
conv,1,512,13,13,64,1,1,1,1,0,0,1,<2>|0.109683|43.7
conv,1,512,13,13,64,1,1,1,1,0,0,1,<1>|0.062675|43
conv,1,512,13,13,64,1,1,1,1,0,0,1,<0>|0.0324279|48
conv,1,64,13,13,256,3,3,1,1,1,1,1,<5>|0.294551|151.8
conv,1,64,13,13,256,3,3,1,1,1,1,1,<4>|0.188598|114.1
conv,1,64,13,13,256,3,3,1,1,1,1,1,<1>|0.0712028|49.7
conv,1,64,13,13,256,3,3,1,1,1,1,1,<7>|0.0611646|122
conv,1,64,13,13,256,3,3,1,1,1,1,1,<6>|0.0229644|63.9
conv,1,64,13,13,256,3,3,1,1,1,1,1,<2>|0.0641667|58
conv,1,64,13,13,256,3,3,1,1,1,1,1,<0>|0.035697|72
conv,1,64,13,13,256,1,1,1,1,0,0,1,<4>|0.186953|116.9
conv,1,64,13,13,256,1,1,1,1,0,0,1,<5>|0.0484988|74
conv,1,64,13,13,256,1,1,1,1,0,0,1,<1>|0.017561|47
conv,1,64,13,13,256,1,1,1,1,0,0,1,<2>|0.0308351|46.6
conv,1,64,13,13,256,1,1,1,1,0,0,1,<0>|0.00941996|58
concat,1,256,13,13,<1>,<1>|0.00959789|44
ew_add,1,512,13,13|0.00422382|63.4
conv,1,512,13,13,1000,1,1,1,1,0,0,1,<4>|4.0604|135.3
conv,1,512,13,13,1000,1,1,1,1,0,0,1,<5>|0.482|137.9
conv,1,512,13,13,1000,1,1,1,1,0,0,1,<2>|0.125836|68
conv,1,512,13,13,1000,1,1,1,1,0,0,1,<0>|0.0508731|115.1
conv,1,512,13,13,1000,1,1,1,1,0,0,1,<1>|0.0628589|74
pool_avg,1,1000,13,13,5,13,13,1,1,0,0,0|0.00720346|49.9
conv,1,96,55,55,144,1,1,1,1,0,0,1,<4>|2.183|147.333
conv,1,96,55,55,144,1,1,1,1,0,0,1,<5>|0.0872435|86.9
conv,1,96,55,55,144,1,1,1,1,0,0,1,<2>|0.0574097|79
conv,1,96,55,55,144,1,1,1,1,0,0,1,<1>|0.0211543|94.5
conv,1,96,55,55,144,1,1,1,1,0,0,1,<0>|0.0221863|149.5
conv,1,16,55,55,128,3,3,1,1,1,1,1,<4>|0.408612|136.7
conv,1,16,55,55,128,3,3,1,1,1,1,1,<5>|0.217696|114.1
conv,1,16,55,55,128,3,3,1,1,1,1,1,<7>|0.186259|141
conv,1,16,55,55,128,3,3,1,1,1,1,1,<1>|0.0265684|83
conv,1,16,55,55,128,3,3,1,1,1,1,1,<2>|0.0496774|92
conv,1,16,55,55,128,3,3,1,1,1,1,1,<6>|0.017813|105.6
conv,1,16,55,55,128,3,3,1,1,1,1,1,<0>|0.0246502|152
conv,1,128,55,55,288,1,1,1,1,0,0,1,<4>|5.132|167.7
conv,1,128,55,55,288,1,1,1,1,0,0,1,<5>|0.131477|122.8
conv,1,128,55,55,288,1,1,1,1,0,0,1,<2>|0.105316|101.2
conv,1,128,55,55,288,1,1,1,1,0,0,1,<1>|0.036696|123.1
conv,1,128,55,55,288,1,1,1,1,0,0,1,<0>|0.0394596|168
conv,1,32,55,55,256,3,3,1,1,1,1,1,<4>|1.31812|152.091
conv,1,32,55,55,256,3,3,1,1,1,1,1,<5>|0.494|158
conv,1,32,55,55,256,3,3,1,1,1,1,1,<7>|0.359679|167
conv,1,32,55,55,256,3,3,1,1,1,1,1,<0>|0.0706127|165
conv,1,32,55,55,256,3,3,1,1,1,1,1,<6>|0.0336007|146.6
conv,1,32,55,55,256,3,3,1,1,1,1,1,<2>|0.118|120
conv,1,32,55,55,256,3,3,1,1,1,1,1,<1>|0.0693218|104
conv,1,32,27,27,256,3,3,1,1,1,1,1,<4>|0.295088|135
conv,1,32,27,27,256,3,3,1,1,1,1,1,<5>|0.186519|136.7
conv,1,32,27,27,256,3,3,1,1,1,1,1,<7>|0.108551|151.1
conv,1,32,27,27,256,3,3,1,1,1,1,1,<2>|0.0706784|70
conv,1,32,27,27,256,3,3,1,1,1,1,1,<1>|0.0412428|66
conv,1,32,27,27,256,3,3,1,1,1,1,1,<6>|0.0164539|107
conv,1,32,27,27,256,3,3,1,1,1,1,1,<0>|0.0310202|121
conv,1,256,27,27,432,1,1,1,1,0,0,1,<4>|2.97714|166.909
conv,1,256,27,27,432,1,1,1,1,0,0,1,<5>|0.139319|135.3
conv,1,256,27,27,432,1,1,1,1,0,0,1,<2>|0.122024|73
conv,1,256,27,27,432,1,1,1,1,0,0,1,<1>|0.037154|90.1
conv,1,256,27,27,432,1,1,1,1,0,0,1,<0>|0.036884|143.2
conv,1,48,27,27,384,3,3,1,1,1,1,1,<4>|0.574857|162
conv,1,48,27,27,384,3,3,1,1,1,1,1,<5>|0.3345|172.3
conv,1,48,27,27,384,3,3,1,1,1,1,1,<7>|0.181117|157.3
conv,1,48,27,27,384,3,3,1,1,1,1,1,<6>|0.0322093|103.1
conv,1,48,27,27,384,3,3,1,1,1,1,1,<1>|0.0564169|79
conv,1,48,27,27,384,3,3,1,1,1,1,1,<2>|0.0833417|93
conv,1,48,27,27,384,3,3,1,1,1,1,1,<0>|0.0447188|145
conv,1,384,27,27,576,1,1,1,1,0,0,1,<4>|5.474|155.583
conv,1,384,27,27,576,1,1,1,1,0,0,1,<5>|0.236165|135
conv,1,384,27,27,576,1,1,1,1,0,0,1,<2>|0.142971|82.1
conv,1,384,27,27,576,1,1,1,1,0,0,1,<1>|0.050035|99
conv,1,384,27,27,576,1,1,1,1,0,0,1,<0>|0.0636|139.2
conv,1,64,27,27,512,3,3,1,1,1,1,1,<4>|0.957333|151.9
conv,1,64,27,27,512,3,3,1,1,1,1,1,<5>|0.529474|170.1
conv,1,64,27,27,512,3,3,1,1,1,1,1,<7>|0.276301|163.4
conv,1,64,27,27,512,3,3,1,1,1,1,1,<6>|0.0396594|127
conv,1,64,27,27,512,3,3,1,1,1,1,1,<2>|0.107262|111
conv,1,64,27,27,512,3,3,1,1,1,1,1,<1>|0.0714357|93.8
conv,1,64,27,27,512,3,3,1,1,1,1,1,<0>|0.0757208|145.9
conv,1,64,13,13,512,3,3,1,1,1,1,1,<5>|0.527|167.9
conv,1,64,13,13,512,3,3,1,1,1,1,1,<4>|0.32918|129.4
conv,1,64,13,13,512,3,3,1,1,1,1,1,<7>|0.103845|136.3
conv,1,64,13,13,512,3,3,1,1,1,1,1,<1>|0.0711957|59.8
conv,1,64,13,13,512,3,3,1,1,1,1,1,<2>|0.07793|67
conv,1,64,13,13,512,3,3,1,1,1,1,1,<6>|0.0240481|82
conv,1,64,13,13,512,3,3,1,1,1,1,1,<0>|0.0538172|81.3
concat,1,64,55,55,<0>,<0>|2.80005e-06|36
concat,1,128,55,55,<0>,<0>|2.79785e-06|36
concat,1,128,27,27,<0>,<0>|2.79068e-06|36
concat,1,192,27,27,<0>,<0>|2.79552e-06|35.1
concat,1,256,27,27,<0>,<0>|2.80475e-06|35
concat,1,256,13,13,<0>,<0>|2.80186e-06|35
conv,1,96,55,55,16,3,3,1,1,1,1,1,<5>|0.495073|128.4
conv,1,96,55,55,16,3,3,1,1,1,1,1,<4>|0.213021|122.8
conv,1,96,55,55,16,3,3,1,1,1,1,1,<7>|0.198238|145
conv,1,96,55,55,16,3,3,1,1,1,1,1,<6>|0.0292749|74
conv,1,96,55,55,16,3,3,1,1,1,1,1,<2>|0.135189|82
conv,1,96,55,55,16,3,3,1,1,1,1,1,<1>|0.100513|67
conv,1,96,55,55,16,3,3,1,1,1,1,1,<0>|0.0761445|78.4
conv,1,96,55,55,128,3,3,1,1,1,1,1,<4>|1.84745|147.3
conv,1,96,55,55,128,3,3,1,1,1,1,1,<5>|0.605706|159.182
conv,1,96,55,55,128,3,3,1,1,1,1,1,<7>|0.370073|157
conv,1,96,55,55,128,3,3,1,1,1,1,1,<6>|0.0517003|117
conv,1,96,55,55,128,3,3,1,1,1,1,1,<2>|0.154092|130
conv,1,96,55,55,128,3,3,1,1,1,1,1,<0>|0.107209|152
conv,1,96,55,55,128,3,3,1,1,1,1,1,<1>|0.101404|96
conv,1,128,55,55,16,3,3,1,1,1,1,1,<5>|0.622848|134.4
conv,1,128,55,55,16,3,3,1,1,1,1,1,<4>|0.260286|131
conv,1,128,55,55,16,3,3,1,1,1,1,1,<7>|0.259282|145
conv,1,128,55,55,16,3,3,1,1,1,1,1,<2>|0.158283|89
conv,1,128,55,55,16,3,3,1,1,1,1,1,<1>|0.130182|68
conv,1,128,55,55,16,3,3,1,1,1,1,1,<0>|0.0949194|81
conv,1,128,55,55,16,3,3,1,1,1,1,1,<6>|0.0360613|75.3
conv,1,128,55,55,32,3,3,1,1,1,1,1,<4>|1.0109|130
conv,1,128,55,55,32,3,3,1,1,1,1,1,<5>|0.647613|134.1
conv,1,128,55,55,32,3,3,1,1,1,1,1,<7>|0.271297|144
conv,1,128,55,55,32,3,3,1,1,1,1,1,<1>|0.130649|68
conv,1,128,55,55,32,3,3,1,1,1,1,1,<2>|0.158677|88.5
conv,1,128,55,55,32,3,3,1,1,1,1,1,<0>|0.0950332|82
conv,1,128,55,55,32,3,3,1,1,1,1,1,<6>|0.0362428|74.9
conv,1,128,55,55,256,3,3,1,1,1,1,1,<4>|4.6596|144.846
conv,1,128,55,55,256,3,3,1,1,1,1,1,<5>|1.37187|173.7
conv,1,128,55,55,256,3,3,1,1,1,1,1,<7>|0.80976|160.9
conv,1,128,55,55,256,3,3,1,1,1,1,1,<1>|0.232|105
conv,1,128,55,55,256,3,3,1,1,1,1,1,<2>|0.267307|169.5
conv,1,128,55,55,256,3,3,1,1,1,1,1,<0>|0.244829|170
conv,1,128,55,55,256,3,3,1,1,1,1,1,<6>|0.0978341|153
conv,1,256,27,27,32,3,3,1,1,1,1,1,<4>|0.491171|120.1
conv,1,256,27,27,32,3,3,1,1,1,1,1,<5>|0.391423|128.8
conv,1,256,27,27,32,3,3,1,1,1,1,1,<1>|0.249284|48.5
conv,1,256,27,27,32,3,3,1,1,1,1,1,<2>|0.211979|58
conv,1,256,27,27,32,3,3,1,1,1,1,1,<7>|0.156625|130
conv,1,256,27,27,32,3,3,1,1,1,1,1,<0>|0.125037|56
conv,1,256,27,27,32,3,3,1,1,1,1,1,<6>|0.0632975|52
conv,1,256,27,27,48,3,3,1,1,1,1,1,<4>|0.490146|131.3
conv,1,256,27,27,48,3,3,1,1,1,1,1,<1>|0.249086|48
conv,1,256,27,27,48,3,3,1,1,1,1,1,<5>|0.27663|139.8
conv,1,256,27,27,48,3,3,1,1,1,1,1,<2>|0.207711|66
conv,1,256,27,27,48,3,3,1,1,1,1,1,<7>|0.160608|131.2
conv,1,256,27,27,48,3,3,1,1,1,1,1,<0>|0.1252|70.9
conv,1,256,27,27,48,3,3,1,1,1,1,1,<6>|0.0637006|63
conv,1,256,27,27,384,3,3,1,1,1,1,1,<4>|2.626|147.818
conv,1,256,27,27,384,3,3,1,1,1,1,1,<5>|1.39747|167.727
conv,1,256,27,27,384,3,3,1,1,1,1,1,<7>|0.611636|149
conv,1,256,27,27,384,3,3,1,1,1,1,1,<1>|0.249728|84
conv,1,256,27,27,384,3,3,1,1,1,1,1,<2>|0.239095|135.3
conv,1,256,27,27,384,3,3,1,1,1,1,1,<0>|0.20549|150
conv,1,256,27,27,384,3,3,1,1,1,1,1,<6>|0.127618|118
conv,1,384,27,27,48,3,3,1,1,1,1,1,<4>|0.711862|137.545
conv,1,384,27,27,48,3,3,1,1,1,1,1,<5>|0.384377|150
conv,1,384,27,27,48,3,3,1,1,1,1,1,<1>|0.365418|49
conv,1,384,27,27,48,3,3,1,1,1,1,1,<2>|0.298559|70
conv,1,384,27,27,48,3,3,1,1,1,1,1,<7>|0.226831|137
conv,1,384,27,27,48,3,3,1,1,1,1,1,<0>|0.183891|72
conv,1,384,27,27,48,3,3,1,1,1,1,1,<6>|0.091379|64.5
conv,1,384,27,27,64,3,3,1,1,1,1,1,<4>|0.76637|135.727
conv,1,384,27,27,64,3,3,1,1,1,1,1,<5>|0.427404|147.7
conv,1,384,27,27,64,3,3,1,1,1,1,1,<1>|0.3668|48.5
conv,1,384,27,27,64,3,3,1,1,1,1,1,<2>|0.302358|69
conv,1,384,27,27,64,3,3,1,1,1,1,1,<7>|0.232322|136.1
conv,1,384,27,27,64,3,3,1,1,1,1,1,<0>|0.183761|72
conv,1,384,27,27,64,3,3,1,1,1,1,1,<6>|0.0915251|64
conv,1,384,27,27,512,3,3,1,1,1,1,1,<4>|5.0248|148.267
conv,1,384,27,27,512,3,3,1,1,1,1,1,<5>|2.62725|168.636
conv,1,384,27,27,512,3,3,1,1,1,1,1,<7>|1.11733|152.1
conv,1,384,27,27,512,3,3,1,1,1,1,1,<0>|0.380868|157.7
conv,1,384,27,27,512,3,3,1,1,1,1,1,<1>|0.385077|100
conv,1,384,27,27,512,3,3,1,1,1,1,1,<2>|0.380038|157.5
conv,1,384,27,27,512,3,3,1,1,1,1,1,<6>|0.194641|142.4
conv,1,512,13,13,64,3,3,1,1,1,1,1,<5>|0.542811|154.6
conv,1,512,13,13,64,3,3,1,1,1,1,1,<1>|0.482381|44
conv,1,512,13,13,64,3,3,1,1,1,1,1,<4>|0.331869|122.6
conv,1,512,13,13,64,3,3,1,1,1,1,1,<2>|0.238143|51
conv,1,512,13,13,64,3,3,1,1,1,1,1,<0>|0.241687|49
conv,1,512,13,13,64,3,3,1,1,1,1,1,<6>|0.118935|48
conv,1,512,13,13,64,3,3,1,1,1,1,1,<7>|0.107914|119
conv,1,512,13,13,1000,3,3,1,1,1,1,1,<4>|4.1524|136.818
conv,1,512,13,13,1000,3,3,1,1,1,1,1,<7>|0.979714|143
conv,1,512,13,13,1000,3,3,1,1,1,1,1,<1>|0.50785|83
conv,1,512,13,13,1000,3,3,1,1,1,1,1,<0>|0.392423|125.2
conv,1,512,13,13,1000,3,3,1,1,1,1,1,<2>|0.368145|125.5
conv,1,512,13,13,1000,3,3,1,1,1,1,1,<6>|0.185389|141
conv,1,128,55,55,288,3,3,1,1,1,1,1,<4>|5.135|148.8
conv,1,128,55,55,288,3,3,1,1,1,1,1,<5>|1.53614|174.545
conv,1,128,55,55,288,3,3,1,1,1,1,1,<7>|0.961429|156.7
conv,1,128,55,55,288,3,3,1,1,1,1,1,<2>|0.286257|177.6
conv,1,128,55,55,288,3,3,1,1,1,1,1,<1>|0.232276|121.9
conv,1,128,55,55,288,3,3,1,1,1,1,1,<0>|0.255139|181.4
conv,1,128,55,55,288,3,3,1,1,1,1,1,<6>|0.125925|140.9
conv,1,384,27,27,576,3,3,1,1,1,1,1,<4>|5.5195|152.667
conv,1,384,27,27,576,3,3,1,1,1,1,1,<5>|2.90086|174.4
conv,1,384,27,27,576,3,3,1,1,1,1,1,<7>|1.23|156.909
conv,1,384,27,27,576,3,3,1,1,1,1,1,<0>|0.470233|150
conv,1,384,27,27,576,3,3,1,1,1,1,1,<2>|0.445111|153.5
conv,1,384,27,27,576,3,3,1,1,1,1,1,<1>|0.385538|108
conv,1,384,27,27,576,3,3,1,1,1,1,1,<6>|0.198317|153.9
conv,1,256,27,27,432,3,3,1,1,1,1,1,<4>|3.00314|150.727
conv,1,256,27,27,432,3,3,1,1,1,1,1,<5>|1.58785|172.9
conv,1,256,27,27,432,3,3,1,1,1,1,1,<7>|0.690207|154
conv,1,256,27,27,432,3,3,1,1,1,1,1,<1>|0.250025|92
conv,1,256,27,27,432,3,3,1,1,1,1,1,<2>|0.272108|137.1
conv,1,256,27,27,432,3,3,1,1,1,1,1,<0>|0.256532|142.8
conv,1,256,27,27,432,3,3,1,1,1,1,1,<6>|0.129174|130
conv,1,96,55,55,144,3,3,1,1,1,1,1,<4>|2.1844|147.083
conv,1,96,55,55,144,3,3,1,1,1,1,1,<5>|0.711724|165.7
conv,1,96,55,55,144,3,3,1,1,1,1,1,<7>|0.479286|158.1
conv,1,96,55,55,144,3,3,1,1,1,1,1,<2>|0.171726|136.7
conv,1,96,55,55,144,3,3,1,1,1,1,1,<0>|0.131163|154
conv,1,96,55,55,144,3,3,1,1,1,1,1,<1>|0.101364|122
conv,1,96,55,55,144,3,3,1,1,1,1,1,<6>|0.0519792|136
conv,1,3,299,299,32,3,3,2,2,0,0,1,<5>|3.17086|95.5
conv,1,3,299,299,32,3,3,2,2,0,0,1,<2>|0.0286877|108.1
conv,1,3,299,299,32,3,3,2,2,0,0,1,<1>|0.0165766|89.2
conv,1,3,299,299,32,3,3,2,2,0,0,1,<0>|0.0180723|123.2
conv,1,32,149,149,32,3,3,1,1,0,0,1,<4>|4.7404|138.143
conv,1,32,149,149,32,3,3,1,1,0,0,1,<5>|1.38227|121.455
conv,1,32,149,149,32,3,3,1,1,0,0,1,<7>|0.878609|156
conv,1,32,149,149,32,3,3,1,1,0,0,1,<2>|0.138972|138
conv,1,32,149,149,32,3,3,1,1,0,0,1,<6>|0.0329276|127.6
conv,1,32,149,149,32,3,3,1,1,0,0,1,<1>|0.0669164|104
conv,1,32,149,149,32,3,3,1,1,0,0,1,<0>|0.0610793|159.4
conv,1,32,147,147,64,3,3,1,1,1,1,1,<4>|6.194|145.133
conv,1,32,147,147,64,3,3,1,1,1,1,1,<7>|1.0021|158
conv,1,32,147,147,64,3,3,1,1,1,1,1,<5>|1.0188|119
conv,1,32,147,147,64,3,3,1,1,1,1,1,<6>|0.0541459|157
conv,1,32,147,147,64,3,3,1,1,1,1,1,<2>|0.196608|151.2
conv,1,32,147,147,64,3,3,1,1,1,1,1,<1>|0.0980195|121
conv,1,32,147,147,64,3,3,1,1,1,1,1,<0>|0.10683|188.1
pool_max,1,64,147,147,4,3,3,2,2,0,0,0|0.0141142|183.9
conv,1,64,73,73,80,1,1,1,1,0,0,1,<4>|4.0672|163.2
conv,1,64,73,73,80,1,1,1,1,0,0,1,<5>|0.110785|86.3
conv,1,64,73,73,80,1,1,1,1,0,0,1,<1>|0.02423|92.1
conv,1,64,73,73,80,1,1,1,1,0,0,1,<2>|0.0430237|93
conv,1,64,73,73,80,1,1,1,1,0,0,1,<0>|0.0185259|141.7
conv,1,80,73,73,192,3,3,1,1,0,0,1,<4>|10.229|141.4
conv,1,80,73,73,192,3,3,1,1,0,0,1,<5>|1.51343|166.273
conv,1,80,73,73,192,3,3,1,1,0,0,1,<7>|0.717143|160.7
conv,1,80,73,73,192,3,3,1,1,0,0,1,<2>|0.2376|142
conv,1,80,73,73,192,3,3,1,1,0,0,1,<6>|0.083841|144
conv,1,80,73,73,192,3,3,1,1,0,0,1,<1>|0.146569|116
conv,1,80,73,73,192,3,3,1,1,0,0,1,<0>|0.165686|190.8
pool_max,1,192,71,71,4,3,3,2,2,0,0,0|0.0096862|168.9
conv,1,192,35,35,64,1,1,1,1,0,0,1,<4>|1.84109|168.7
conv,1,192,35,35,64,1,1,1,1,0,0,1,<5>|0.0731971|89
conv,1,192,35,35,64,1,1,1,1,0,0,1,<2>|0.0823786|51
conv,1,192,35,35,64,1,1,1,1,0,0,1,<1>|0.0304195|50.7
conv,1,192,35,35,64,1,1,1,1,0,0,1,<0>|0.015851|80.9
conv,1,192,35,35,48,1,1,1,1,0,0,1,<4>|1.64277|142.636
conv,1,192,35,35,48,1,1,1,1,0,0,1,<5>|0.0733993|74
conv,1,192,35,35,48,1,1,1,1,0,0,1,<2>|0.0824115|50
conv,1,192,35,35,48,1,1,1,1,0,0,1,<1>|0.0302693|50
conv,1,192,35,35,48,1,1,1,1,0,0,1,<0>|0.0158494|78.9
conv,1,48,35,35,64,5,5,1,1,2,2,1,<4>|0.527684|137
conv,1,48,35,35,64,5,5,1,1,2,2,1,<5>|0.227977|124.2
conv,1,48,35,35,64,5,5,1,1,2,2,1,<1>|0.135946|53
conv,1,48,35,35,64,5,5,1,1,2,2,1,<7>|0.128936|135.2
conv,1,48,35,35,64,5,5,1,1,2,2,1,<2>|0.113435|80
conv,1,48,35,35,64,5,5,1,1,2,2,1,<0>|0.0679525|92.9
conv,1,64,35,35,96,3,3,1,1,1,1,1,<4>|0.974952|143
conv,1,64,35,35,96,3,3,1,1,1,1,1,<5>|0.356596|144.4
conv,1,64,35,35,96,3,3,1,1,1,1,1,<7>|0.127304|148
conv,1,64,35,35,96,3,3,1,1,1,1,1,<1>|0.0711277|63
conv,1,64,35,35,96,3,3,1,1,1,1,1,<2>|0.0743792|78
conv,1,64,35,35,96,3,3,1,1,1,1,1,<6>|0.0227813|89
conv,1,64,35,35,96,3,3,1,1,1,1,1,<0>|0.0537426|88.1
conv,1,96,35,35,96,3,3,1,1,1,1,1,<4>|1.41067|146.636
conv,1,96,35,35,96,3,3,1,1,1,1,1,<5>|0.475721|155.3
conv,1,96,35,35,96,3,3,1,1,1,1,1,<7>|0.167117|150
conv,1,96,35,35,96,3,3,1,1,1,1,1,<1>|0.101015|64
conv,1,96,35,35,96,3,3,1,1,1,1,1,<2>|0.0865172|89
conv,1,96,35,35,96,3,3,1,1,1,1,1,<0>|0.0764504|91
conv,1,96,35,35,96,3,3,1,1,1,1,1,<6>|0.0294353|94
pool_avg,1,192,35,35,5,3,3,1,1,1,1,1|0.0161159|137.7
conv,1,192,35,35,32,1,1,1,1,0,0,1,<4>|1.45314|155
conv,1,192,35,35,32,1,1,1,1,0,0,1,<5>|0.0646387|73
conv,1,192,35,35,32,1,1,1,1,0,0,1,<2>|0.0821148|53
conv,1,192,35,35,32,1,1,1,1,0,0,1,<1>|0.0304103|49.1
conv,1,192,35,35,32,1,1,1,1,0,0,1,<0>|0.0158574|61
concat,1,64,35,35,<1>,<1>|0.00856702|49
concat,1,96,35,35,<1>,<1>|0.0077738|49.3
concat,1,128,35,35,<1>,<1>|0.00770054|57.6
conv,1,256,35,35,64,1,1,1,1,0,0,1,<5>|0.0935234|79.1
conv,1,256,35,35,64,1,1,1,1,0,0,1,<4>|2.40667|148
conv,1,256,35,35,64,1,1,1,1,0,0,1,<2>|0.106574|52
conv,1,256,35,35,64,1,1,1,1,0,0,1,<1>|0.036745|51.9
conv,1,256,35,35,64,1,1,1,1,0,0,1,<0>|0.0191793|85
conv,1,256,35,35,48,1,1,1,1,0,0,1,<4>|2.135|146.364
conv,1,256,35,35,48,1,1,1,1,0,0,1,<5>|0.082642|79.2
conv,1,256,35,35,48,1,1,1,1,0,0,1,<2>|0.106973|49
conv,1,256,35,35,48,1,1,1,1,0,0,1,<1>|0.0368508|50
conv,1,256,35,35,48,1,1,1,1,0,0,1,<0>|0.0191762|81
pool_avg,1,256,35,35,5,3,3,1,1,1,1,1|0.0195488|143.5
conv,1,288,35,35,64,1,1,1,1,0,0,1,<4>|2.70725|143.083
conv,1,288,35,35,64,1,1,1,1,0,0,1,<5>|0.0961435|82
conv,1,288,35,35,64,1,1,1,1,0,0,1,<2>|0.108141|51
conv,1,288,35,35,64,1,1,1,1,0,0,1,<1>|0.0401807|50.5
conv,1,288,35,35,64,1,1,1,1,0,0,1,<0>|0.0208129|83.8
conv,1,288,35,35,48,1,1,1,1,0,0,1,<4>|2.40578|142.5
conv,1,288,35,35,48,1,1,1,1,0,0,1,<5>|0.0953429|79
conv,1,288,35,35,48,1,1,1,1,0,0,1,<2>|0.108314|50
conv,1,288,35,35,48,1,1,1,1,0,0,1,<1>|0.04008|50
conv,1,288,35,35,48,1,1,1,1,0,0,1,<0>|0.02085|82
pool_avg,1,288,35,35,5,3,3,1,1,1,1,1|0.0215625|146.4
conv,1,288,35,35,384,3,3,2,2,0,0,1,<5>|4.0816|178.6
conv,1,288,35,35,384,3,3,2,2,0,0,1,<1>|0.271459|61.2
conv,1,288,35,35,384,3,3,2,2,0,0,1,<2>|0.228773|91
conv,1,288,35,35,384,3,3,2,2,0,0,1,<0>|0.203758|96.9
conv,1,96,35,35,96,3,3,2,2,0,0,1,<5>|0.477|152.3
conv,1,96,35,35,96,3,3,2,2,0,0,1,<1>|0.0984412|47.5
conv,1,96,35,35,96,3,3,2,2,0,0,1,<2>|0.0838661|53
conv,1,96,35,35,96,3,3,2,2,0,0,1,<0>|0.0505303|60.9
pool_avg,1,288,35,35,5,3,3,2,2,0,0,0|0.00636323|118.4
concat,1,384,17,17,<1>,<1>|0.00771836|55
concat,1,480,17,17,<1>,<1>|0.00777078|59
conv,1,768,17,17,192,1,1,1,1,0,0,1,<4>|3.84967|145.154
conv,1,768,17,17,192,1,1,1,1,0,0,1,<5>|0.207113|106.9
conv,1,768,17,17,192,1,1,1,1,0,0,1,<2>|0.123914|55
conv,1,768,17,17,192,1,1,1,1,0,0,1,<1>|0.088708|50.1
conv,1,768,17,17,192,1,1,1,1,0,0,1,<0>|0.0456128|78
conv,1,768,17,17,128,1,1,1,1,0,0,1,<4>|2.66|145.455
conv,1,768,17,17,128,1,1,1,1,0,0,1,<5>|0.151758|101.9
conv,1,768,17,17,128,1,1,1,1,0,0,1,<2>|0.123654|50.8
conv,1,768,17,17,128,1,1,1,1,0,0,1,<1>|0.0886814|47
conv,1,768,17,17,128,1,1,1,1,0,0,1,<0>|0.0455318|66
conv,1,128,17,17,128,1,7,1,1,0,3,1,<4>|0.5031|139
conv,1,128,17,17,128,1,7,1,1,0,3,1,<5>|0.0502105|71
conv,1,128,17,17,128,1,7,1,1,0,3,1,<1>|0.104417|48
conv,1,128,17,17,128,1,7,1,1,0,3,1,<2>|0.0771462|59
conv,1,128,17,17,128,1,7,1,1,0,3,1,<0>|0.0521719|66
conv,1,128,17,17,192,7,1,1,1,3,0,1,<4>|0.727357|144.1
conv,1,128,17,17,192,7,1,1,1,3,0,1,<5>|0.0537105|82.3
conv,1,128,17,17,192,7,1,1,1,3,0,1,<2>|0.10023|62
conv,1,128,17,17,192,7,1,1,1,3,0,1,<1>|0.10424|52
conv,1,128,17,17,192,7,1,1,1,3,0,1,<0>|0.0521927|80.2
conv,1,128,17,17,128,7,1,1,1,3,0,1,<4>|0.5024|142.9
conv,1,128,17,17,128,7,1,1,1,3,0,1,<1>|0.10426|49
conv,1,128,17,17,128,7,1,1,1,3,0,1,<2>|0.10008|56
conv,1,128,17,17,128,7,1,1,1,3,0,1,<5>|0.0438818|74
conv,1,128,17,17,128,7,1,1,1,3,0,1,<0>|0.0521354|68
conv,1,128,17,17,192,1,7,1,1,0,3,1,<4>|0.727214|146.3
conv,1,128,17,17,192,1,7,1,1,0,3,1,<1>|0.104406|52
conv,1,128,17,17,192,1,7,1,1,0,3,1,<5>|0.0596667|80
conv,1,128,17,17,192,1,7,1,1,0,3,1,<2>|0.0772896|67
conv,1,128,17,17,192,1,7,1,1,0,3,1,<0>|0.0522031|80
pool_avg,1,768,17,17,5,3,3,1,1,1,1,1|0.0159729|131.2
concat,1,192,17,17,<1>,<1>|0.0077905|53
conv,1,768,17,17,160,1,1,1,1,0,0,1,<4>|3.26914|144.692
conv,1,768,17,17,160,1,1,1,1,0,0,1,<5>|0.199822|98
conv,1,768,17,17,160,1,1,1,1,0,0,1,<2>|0.123864|53
conv,1,768,17,17,160,1,1,1,1,0,0,1,<1>|0.0886814|50
conv,1,768,17,17,160,1,1,1,1,0,0,1,<0>|0.0456128|72
conv,1,160,17,17,160,1,7,1,1,0,3,1,<4>|0.754593|143.2
conv,1,160,17,17,160,1,7,1,1,0,3,1,<1>|0.127758|51
conv,1,160,17,17,160,1,7,1,1,0,3,1,<2>|0.0869739|64
conv,1,160,17,17,160,1,7,1,1,0,3,1,<5>|0.064373|78
conv,1,160,17,17,160,1,7,1,1,0,3,1,<0>|0.0637898|74.5
conv,1,160,17,17,192,7,1,1,1,3,0,1,<4>|0.894|148.3
conv,1,160,17,17,192,7,1,1,1,3,0,1,<1>|0.127401|52.4
conv,1,160,17,17,192,7,1,1,1,3,0,1,<5>|0.0652834|83.8
conv,1,160,17,17,192,7,1,1,1,3,0,1,<2>|0.109716|65
conv,1,160,17,17,192,7,1,1,1,3,0,1,<0>|0.0637834|81
conv,1,160,17,17,160,7,1,1,1,3,0,1,<4>|0.754|147.3
conv,1,160,17,17,160,7,1,1,1,3,0,1,<1>|0.127401|52
conv,1,160,17,17,160,7,1,1,1,3,0,1,<2>|0.109694|61
conv,1,160,17,17,160,7,1,1,1,3,0,1,<5>|0.0581101|80
conv,1,160,17,17,160,7,1,1,1,3,0,1,<0>|0.0637197|75
conv,1,160,17,17,192,1,7,1,1,0,3,1,<4>|0.894174|148.5
conv,1,160,17,17,192,1,7,1,1,0,3,1,<5>|0.0723899|80.5
conv,1,160,17,17,192,1,7,1,1,0,3,1,<1>|0.127758|51
conv,1,160,17,17,192,1,7,1,1,0,3,1,<2>|0.0870174|68
conv,1,160,17,17,192,1,7,1,1,0,3,1,<0>|0.0639297|79
conv,1,192,17,17,192,1,7,1,1,0,3,1,<4>|1.06147|144.5
conv,1,192,17,17,192,1,7,1,1,0,3,1,<1>|0.150887|51
conv,1,192,17,17,192,1,7,1,1,0,3,1,<5>|0.0829256|83
conv,1,192,17,17,192,1,7,1,1,0,3,1,<2>|0.0964712|71
conv,1,192,17,17,192,1,7,1,1,0,3,1,<0>|0.075406|80
conv,1,192,17,17,192,7,1,1,1,3,0,1,<4>|1.06147|146.5
conv,1,192,17,17,192,7,1,1,1,3,0,1,<1>|0.150827|51
conv,1,192,17,17,192,7,1,1,1,3,0,1,<5>|0.0754943|85.6
conv,1,192,17,17,192,7,1,1,1,3,0,1,<2>|0.119393|66
conv,1,192,17,17,192,7,1,1,1,3,0,1,<0>|0.0752481|80
conv,1,192,17,17,320,3,3,2,2,0,0,1,<5>|0.910091|164.1
conv,1,192,17,17,320,3,3,2,2,0,0,1,<1>|0.185352|46.3
conv,1,192,17,17,320,3,3,2,2,0,0,1,<2>|0.122402|51
conv,1,192,17,17,320,3,3,2,2,0,0,1,<0>|0.0951564|54
conv,1,192,17,17,192,3,3,2,2,0,0,1,<5>|0.580571|158.6
conv,1,192,17,17,192,3,3,2,2,0,0,1,<1>|0.185759|44
conv,1,192,17,17,192,3,3,2,2,0,0,1,<2>|0.122561|47
conv,1,192,17,17,192,3,3,2,2,0,0,1,<0>|0.0951374|49
pool_max,1,768,17,17,4,3,3,2,2,0,0,0|0.00490945|89.9
concat,1,320,8,8,<1>,<1>,<1>|0.0116846|48
conv,1,1280,8,8,320,1,1,1,1,0,0,1,<4>|3.33457|149.462
conv,1,1280,8,8,320,1,1,1,1,0,0,1,<5>|0.451733|120.4
conv,1,1280,8,8,320,1,1,1,1,0,0,1,<1>|0.140196|46
conv,1,1280,8,8,320,1,1,1,1,0,0,1,<2>|0.14169|47
conv,1,1280,8,8,320,1,1,1,1,0,0,1,<0>|0.071828|53
conv,1,1280,8,8,384,1,1,1,1,0,0,1,<4>|3.98133|133.571
conv,1,1280,8,8,384,1,1,1,1,0,0,1,<5>|0.473953|131.6
conv,1,1280,8,8,384,1,1,1,1,0,0,1,<1>|0.139944|47.3
conv,1,1280,8,8,384,1,1,1,1,0,0,1,<2>|0.141408|48.7
conv,1,1280,8,8,384,1,1,1,1,0,0,1,<0>|0.071828|56
conv,1,384,8,8,384,1,3,1,1,0,1,1,<4>|1.286|132.5
conv,1,384,8,8,384,1,3,1,1,0,1,1,<5>|0.175649|116.4
conv,1,384,8,8,384,1,3,1,1,0,1,1,<1>|0.130468|48
conv,1,384,8,8,384,1,3,1,1,0,1,1,<2>|0.096067|51
conv,1,384,8,8,384,1,3,1,1,0,1,1,<0>|0.065451|56
conv,1,384,8,8,384,3,1,1,1,1,0,1,<4>|1.28575|132.727
conv,1,384,8,8,384,3,1,1,1,1,0,1,<5>|0.172256|117
conv,1,384,8,8,384,3,1,1,1,1,0,1,<1>|0.130351|48
conv,1,384,8,8,384,3,1,1,1,1,0,1,<2>|0.114583|49
conv,1,384,8,8,384,3,1,1,1,1,0,1,<0>|0.0653725|56
concat,1,384,8,8,<1>,<1>|0.00772057|44
conv,1,1280,8,8,448,1,1,1,1,0,0,1,<4>|4.5436|133.692
conv,1,1280,8,8,448,1,1,1,1,0,0,1,<5>|0.5084|137.3
conv,1,1280,8,8,448,1,1,1,1,0,0,1,<2>|0.141493|50
conv,1,1280,8,8,448,1,1,1,1,0,0,1,<1>|0.13993|48
conv,1,1280,8,8,448,1,1,1,1,0,0,1,<0>|0.0718853|58.8
conv,1,448,8,8,384,3,3,1,1,1,1,1,<5>|2.31133|167.818
conv,1,448,8,8,384,3,3,1,1,1,1,1,<4>|1.51443|131.636
conv,1,448,8,8,384,3,3,1,1,1,1,1,<1>|0.433957|48.8
conv,1,448,8,8,384,3,3,1,1,1,1,1,<2>|0.280278|56
conv,1,448,8,8,384,3,3,1,1,1,1,1,<0>|0.238212|56.7
conv,1,448,8,8,384,3,3,1,1,1,1,1,<7>|0.194718|135
conv,1,448,8,8,384,3,3,1,1,1,1,1,<6>|0.124422|75.2
pool_max,1,1280,8,8,4,3,3,1,1,1,1,0|0.00493804|113.9
conv,1,1280,8,8,192,1,1,1,1,0,0,1,<4>|2.1762|126.917
conv,1,1280,8,8,192,1,1,1,1,0,0,1,<5>|0.311815|111
conv,1,1280,8,8,192,1,1,1,1,0,0,1,<1>|0.139888|44.1
conv,1,1280,8,8,192,1,1,1,1,0,0,1,<2>|0.141465|45
conv,1,1280,8,8,192,1,1,1,1,0,0,1,<0>|0.0718065|48.5
concat,1,320,8,8,<1>,<1>,<1>,<1>|0.0156497|44
conv,1,2048,8,8,320,1,1,1,1,0,0,1,<4>|5.079|130.1
conv,1,2048,8,8,320,1,1,1,1,0,0,1,<5>|0.689931|123
conv,1,2048,8,8,320,1,1,1,1,0,0,1,<1>|0.216538|46
conv,1,2048,8,8,320,1,1,1,1,0,0,1,<2>|0.174365|49
conv,1,2048,8,8,320,1,1,1,1,0,0,1,<0>|0.111028|54
conv,1,2048,8,8,384,1,1,1,1,0,0,1,<4>|6.265|127.867
conv,1,2048,8,8,384,1,1,1,1,0,0,1,<5>|0.7325|132.5
conv,1,2048,8,8,384,1,1,1,1,0,0,1,<1>|0.216688|47.8
conv,1,2048,8,8,384,1,1,1,1,0,0,1,<2>|0.1744|51
conv,1,2048,8,8,384,1,1,1,1,0,0,1,<0>|0.111105|56
conv,1,2048,8,8,448,1,1,1,1,0,0,1,<4>|6.99|126.727
conv,1,2048,8,8,448,1,1,1,1,0,0,1,<5>|0.776385|143.1
conv,1,2048,8,8,448,1,1,1,1,0,0,1,<1>|0.216688|49
conv,1,2048,8,8,448,1,1,1,1,0,0,1,<2>|0.174522|51.9
conv,1,2048,8,8,448,1,1,1,1,0,0,1,<0>|0.111072|59
pool_max,1,2048,8,8,4,3,3,1,1,1,1,0|0.00668203|128.2
conv,1,2048,8,8,192,1,1,1,1,0,0,1,<4>|3.62333|117.417
conv,1,2048,8,8,192,1,1,1,1,0,0,1,<5>|0.466651|115
conv,1,2048,8,8,192,1,1,1,1,0,0,1,<1>|0.216645|44
conv,1,2048,8,8,192,1,1,1,1,0,0,1,<2>|0.174296|46
conv,1,2048,8,8,192,1,1,1,1,0,0,1,<0>|0.111127|49
pool_avg,1,2048,8,8,5,8,8,1,1,0,0,0|0.00597253|49
conv,1,192,35,35,112,1,1,1,1,0,0,1,<4>|3.34886|145
conv,1,192,35,35,112,1,1,1,1,0,0,1,<5>|0.0926944|93
conv,1,192,35,35,112,1,1,1,1,0,0,1,<2>|0.0878684|56
conv,1,192,35,35,112,1,1,1,1,0,0,1,<1>|0.0304939|59
conv,1,192,35,35,112,1,1,1,1,0,0,1,<0>|0.0220529|96
conv,1,192,35,35,128,1,1,1,1,0,0,1,<4>|3.52867|146.364
conv,1,192,35,35,128,1,1,1,1,0,0,1,<5>|0.0944151|94.4
conv,1,192,35,35,128,1,1,1,1,0,0,1,<2>|0.0880439|56
conv,1,192,35,35,128,1,1,1,1,0,0,1,<1>|0.030571|58.6
conv,1,192,35,35,128,1,1,1,1,0,0,1,<0>|0.0220795|97
conv,1,256,35,35,112,1,1,1,1,0,0,1,<4>|4.3612|143.083
conv,1,256,35,35,112,1,1,1,1,0,0,1,<5>|0.107613|100.4
conv,1,256,35,35,112,1,1,1,1,0,0,1,<2>|0.11367|56
conv,1,256,35,35,112,1,1,1,1,0,0,1,<1>|0.0369188|59.3
conv,1,256,35,35,112,1,1,1,1,0,0,1,<0>|0.0273443|98
conv,1,256,35,35,128,1,1,1,1,0,0,1,<4>|4.6368|143.846
conv,1,256,35,35,128,1,1,1,1,0,0,1,<5>|0.113153|99.8
conv,1,256,35,35,128,1,1,1,1,0,0,1,<2>|0.11383|56.5
conv,1,256,35,35,128,1,1,1,1,0,0,1,<1>|0.0368987|60.5
conv,1,256,35,35,128,1,1,1,1,0,0,1,<0>|0.0272698|98
conv,1,288,35,35,112,1,1,1,1,0,0,1,<4>|4.902|143.2
conv,1,288,35,35,112,1,1,1,1,0,0,1,<5>|0.115299|103.1
conv,1,288,35,35,112,1,1,1,1,0,0,1,<2>|0.115575|58
conv,1,288,35,35,112,1,1,1,1,0,0,1,<1>|0.0401767|60.8
conv,1,288,35,35,112,1,1,1,1,0,0,1,<0>|0.0299671|99
conv,1,288,35,35,128,1,1,1,1,0,0,1,<4>|5.1175|144.2
conv,1,288,35,35,128,1,1,1,1,0,0,1,<5>|0.117729|103.7
conv,1,288,35,35,128,1,1,1,1,0,0,1,<2>|0.115734|57.7
conv,1,288,35,35,128,1,1,1,1,0,0,1,<1>|0.0400882|59.875
conv,1,288,35,35,128,1,1,1,1,0,0,1,<0>|0.030009|99
conv,1,768,17,17,320,1,1,1,1,0,0,1,<4>|6.1105|146.533
conv,1,768,17,17,320,1,1,1,1,0,0,1,<5>|0.292551|117.7
conv,1,768,17,17,320,1,1,1,1,0,0,1,<1>|0.0887257|57
conv,1,768,17,17,320,1,1,1,1,0,0,1,<2>|0.141352|59.9
conv,1,768,17,17,320,1,1,1,1,0,0,1,<0>|0.0688729|82
conv,1,768,17,17,256,1,1,1,1,0,0,1,<4>|5.0268|147.4
conv,1,768,17,17,256,1,1,1,1,0,0,1,<5>|0.221824|122
conv,1,768,17,17,256,1,1,1,1,0,0,1,<2>|0.123988|59.2
conv,1,768,17,17,256,1,1,1,1,0,0,1,<1>|0.0887345|53.9
conv,1,768,17,17,256,1,1,1,1,0,0,1,<0>|0.0456667|91
conv,1,768,17,17,352,1,1,1,1,0,0,1,<5>|0.301164|122.2
conv,1,768,17,17,352,1,1,1,1,0,0,1,<2>|0.141352|62
conv,1,768,17,17,352,1,1,1,1,0,0,1,<1>|0.0886903|60
conv,1,768,17,17,352,1,1,1,1,0,0,1,<0>|0.0691448|86
conv,1,768,17,17,384,1,1,1,1,0,0,1,<5>|0.310277|127
conv,1,768,17,17,384,1,1,1,1,0,0,1,<2>|0.141352|63
conv,1,768,17,17,384,1,1,1,1,0,0,1,<1>|0.0887345|60
conv,1,768,17,17,384,1,1,1,1,0,0,1,<0>|0.0691517|88
conv,1,1280,8,8,704,1,1,1,1,0,0,1,<4>|6.8405|136.056
conv,1,1280,8,8,704,1,1,1,1,0,0,1,<5>|0.883652|127.3
conv,1,1280,8,8,704,1,1,1,1,0,0,1,<1>|0.139986|53
conv,1,1280,8,8,704,1,1,1,1,0,0,1,<2>|0.141943|54.5
conv,1,1280,8,8,704,1,1,1,1,0,0,1,<0>|0.0719568|69
conv,1,1280,8,8,768,1,1,1,1,0,0,1,<5>|0.951182|129.818
conv,1,1280,8,8,768,1,1,1,1,0,0,1,<1>|0.139972|53.9
conv,1,1280,8,8,768,1,1,1,1,0,0,1,<2>|0.142071|55
conv,1,1280,8,8,768,1,1,1,1,0,0,1,<0>|0.0719568|71
conv,1,1280,8,8,832,1,1,1,1,0,0,1,<5>|1.0107|131.3
conv,1,1280,8,8,832,1,1,1,1,0,0,1,<1>|0.139986|55
conv,1,1280,8,8,832,1,1,1,1,0,0,1,<2>|0.142184|56
conv,1,1280,8,8,832,1,1,1,1,0,0,1,<0>|0.0719784|73.4
conv,1,384,8,8,768,3,3,1,1,1,1,1,<5>|3.79|169.462
conv,1,384,8,8,768,3,3,1,1,1,1,1,<4>|2.47978|134.692
conv,1,384,8,8,768,3,3,1,1,1,1,1,<1>|0.385308|59.3
conv,1,384,8,8,768,3,3,1,1,1,1,1,<7>|0.323323|139
conv,1,384,8,8,768,3,3,1,1,1,1,1,<2>|0.261896|69
conv,1,384,8,8,768,3,3,1,1,1,1,1,<0>|0.221868|74
conv,1,384,8,8,768,3,3,1,1,1,1,1,<6>|0.127401|100
conv,1,2048,8,8,704,1,1,1,1,0,0,1,<5>|1.36987|130.091
conv,1,2048,8,8,704,1,1,1,1,0,0,1,<1>|0.221714|54.8
conv,1,2048,8,8,704,1,1,1,1,0,0,1,<2>|0.24347|57
conv,1,2048,8,8,704,1,1,1,1,0,0,1,<0>|0.133166|67
conv,1,2048,8,8,768,1,1,1,1,0,0,1,<5>|1.499|129.182
conv,1,2048,8,8,768,1,1,1,1,0,0,1,<1>|0.223156|58
conv,1,2048,8,8,768,1,1,1,1,0,0,1,<2>|0.24347|58
conv,1,2048,8,8,768,1,1,1,1,0,0,1,<0>|0.151308|68
conv,1,2048,8,8,832,1,1,1,1,0,0,1,<5>|1.55708|133.2
conv,1,2048,8,8,832,1,1,1,1,0,0,1,<1>|0.223067|59
conv,1,2048,8,8,832,1,1,1,1,0,0,1,<2>|0.244195|59
conv,1,2048,8,8,832,1,1,1,1,0,0,1,<0>|0.151338|70
concat,1,64,35,35,<0>,<0>|2.79796e-06|35.5
concat,1,96,35,35,<0>,<0>|2.79293e-06|35
concat,1,128,35,35,<0>,<0>|2.79825e-06|35
concat,1,384,17,17,<0>,<0>|2.79916e-06|35
concat,1,480,17,17,<0>,<0>|2.79262e-06|35
concat,1,192,17,17,<0>,<0>|2.80109e-06|35
concat,1,384,8,8,<0>,<0>|2.79558e-06|35
conv,1,2048,8,8,1152,1,1,1,1,0,0,1,<5>|1.87836|143.818
conv,1,2048,8,8,1152,1,1,1,1,0,0,1,<1>|0.223333|65
conv,1,2048,8,8,1152,1,1,1,1,0,0,1,<2>|0.246805|64.9
conv,1,2048,8,8,1152,1,1,1,1,0,0,1,<0>|0.153313|80
conv,1,1280,8,8,1152,1,1,1,1,0,0,1,<5>|1.21729|144.273
conv,1,1280,8,8,1152,1,1,1,1,0,0,1,<1>|0.145391|62.4
conv,1,1280,8,8,1152,1,1,1,1,0,0,1,<2>|0.20004|59
conv,1,1280,8,8,1152,1,1,1,1,0,0,1,<0>|0.0881674|82
conv,1,768,17,17,448,1,1,1,1,0,0,1,<5>|0.331115|134.4
conv,1,768,17,17,448,1,1,1,1,0,0,1,<2>|0.141972|66
conv,1,768,17,17,448,1,1,1,1,0,0,1,<1>|0.0887522|63
conv,1,768,17,17,448,1,1,1,1,0,0,1,<0>|0.069308|96
conv,1,768,17,17,512,1,1,1,1,0,0,1,<5>|0.396392|129.5
conv,1,768,17,17,512,1,1,1,1,0,0,1,<2>|0.142071|69
conv,1,768,17,17,512,1,1,1,1,0,0,1,<1>|0.0887611|66
conv,1,768,17,17,512,1,1,1,1,0,0,1,<0>|0.069301|103
conv,1,768,17,17,576,1,1,1,1,0,0,1,<5>|0.416|136.6
conv,1,768,17,17,576,1,1,1,1,0,0,1,<1>|0.0888319|70
conv,1,768,17,17,576,1,1,1,1,0,0,1,<2>|0.148|71
conv,1,768,17,17,576,1,1,1,1,0,0,1,<0>|0.0733285|108
conv,1,288,35,35,176,1,1,1,1,0,0,1,<4>|7.184|143.455
conv,1,288,35,35,176,1,1,1,1,0,0,1,<5>|0.141408|114
conv,1,288,35,35,176,1,1,1,1,0,0,1,<2>|0.117753|64
conv,1,288,35,35,176,1,1,1,1,0,0,1,<0>|0.0312293|125
conv,1,288,35,35,176,1,1,1,1,0,0,1,<1>|0.0402656|71
conv,1,256,35,35,176,1,1,1,1,0,0,1,<4>|6.5335|143.688
conv,1,256,35,35,176,1,1,1,1,0,0,1,<5>|0.13119|112.9
conv,1,256,35,35,176,1,1,1,1,0,0,1,<2>|0.11546|62
conv,1,256,35,35,176,1,1,1,1,0,0,1,<1>|0.037024|70
conv,1,256,35,35,176,1,1,1,1,0,0,1,<0>|0.0284318|123.4
conv,1,192,35,35,176,1,1,1,1,0,0,1,<4>|16.557|76.5
conv,1,192,35,35,176,1,1,1,1,0,0,1,<5>|0.112145|105
conv,1,192,35,35,176,1,1,1,1,0,0,1,<2>|0.0893125|61.1
conv,1,192,35,35,176,1,1,1,1,0,0,1,<1>|0.0305618|68
conv,1,192,35,35,176,1,1,1,1,0,0,1,<0>|0.0228823|128
conv,1,3,222,222,64,7,7,2,2,3,3,1,<5>|1.96218|84.1818
conv,1,3,222,222,64,7,7,2,2,3,3,1,<2>|0.0698188|130
conv,1,3,222,222,64,7,7,2,2,3,3,1,<1>|0.0444533|98.8
conv,1,3,222,222,64,7,7,2,2,3,3,1,<0>|0.0410328|156.3
pool_max,1,64,111,111,4,3,3,2,2,1,1,0|0.00852322|160.7
conv,1,64,56,56,64,1,1,1,1,0,0,1,<4>|0.680067|159
conv,1,64,56,56,64,1,1,1,1,0,0,1,<5>|0.0620248|71
conv,1,64,56,56,64,1,1,1,1,0,0,1,<1>|0.01758|65
conv,1,64,56,56,64,1,1,1,1,0,0,1,<2>|0.0366777|68
conv,1,64,56,56,64,1,1,1,1,0,0,1,<0>|0.0117292|96
conv,1,64,56,56,64,3,3,1,1,1,1,1,<4>|0.681667|141.7
conv,1,64,56,56,64,3,3,1,1,1,1,1,<5>|0.279861|129.9
conv,1,64,56,56,64,3,3,1,1,1,1,1,<7>|0.179696|147.6
conv,1,64,56,56,64,3,3,1,1,1,1,1,<2>|0.113266|90
conv,1,64,56,56,64,3,3,1,1,1,1,1,<1>|0.0711277|69
conv,1,64,56,56,64,3,3,1,1,1,1,1,<6>|0.0227904|102
conv,1,64,56,56,64,3,3,1,1,1,1,1,<0>|0.0566686|117.3
conv,1,64,56,56,64,1,1,1,1,0,0,0,<4>|0.689733|141
conv,1,64,56,56,64,1,1,1,1,0,0,0,<5>|0.04998|71.1
conv,1,64,56,56,64,1,1,1,1,0,0,0,<1>|0.0217802|64
conv,1,64,56,56,64,1,1,1,1,0,0,0,<2>|0.0406247|62.6
conv,1,64,56,56,64,1,1,1,1,0,0,0,<0>|0.0158073|99
ew_add,1,64,56,56|0.00428902|99.9
conv,1,64,56,56,128,1,1,2,2,0,0,1,<5>|0.442478|151.2
conv,1,64,56,56,128,1,1,2,2,0,0,1,<1>|0.0176558|50.8
conv,1,64,56,56,128,1,1,2,2,0,0,1,<2>|0.0350912|51
conv,1,64,56,56,128,1,1,2,2,0,0,1,<0>|0.0145272|67
conv,1,128,28,28,128,3,3,1,1,1,1,1,<4>|0.5085|138
conv,1,128,28,28,128,3,3,1,1,1,1,1,<5>|0.289884|149.7
conv,1,128,28,28,128,3,3,1,1,1,1,1,<1>|0.131033|57
conv,1,128,28,28,128,3,3,1,1,1,1,1,<7>|0.145928|140
conv,1,128,28,28,128,3,3,1,1,1,1,1,<2>|0.0980098|84
conv,1,128,28,28,128,3,3,1,1,1,1,1,<0>|0.0951659|85
conv,1,128,28,28,128,3,3,1,1,1,1,1,<6>|0.0366886|81
conv,1,128,28,28,128,1,1,1,1,0,0,0,<4>|0.517436|136.8
conv,1,128,28,28,128,1,1,1,1,0,0,0,<5>|0.0551736|72
conv,1,128,28,28,128,1,1,1,1,0,0,0,<2>|0.0641795|51
conv,1,128,28,28,128,1,1,1,1,0,0,0,<1>|0.0278387|53.9
conv,1,128,28,28,128,1,1,1,1,0,0,0,<0>|0.019633|74
ew_add,1,128,28,28|0.0042034|65.9
conv,1,128,28,28,128,1,1,1,1,0,0,1,<4>|0.505|140
conv,1,128,28,28,128,1,1,1,1,0,0,1,<5>|0.0510969|73.4
conv,1,128,28,28,128,1,1,1,1,0,0,1,<2>|0.061061|51
conv,1,128,28,28,128,1,1,1,1,0,0,1,<1>|0.0240409|52
conv,1,128,28,28,128,1,1,1,1,0,0,1,<0>|0.0166146|74.4
conv,1,128,28,28,256,1,1,2,2,0,0,1,<5>|0.500195|164.909
conv,1,128,28,28,256,1,1,2,2,0,0,1,<2>|0.0542656|46
conv,1,128,28,28,256,1,1,2,2,0,0,1,<1>|0.0240915|47.1
conv,1,128,28,28,256,1,1,2,2,0,0,1,<0>|0.0126221|68
conv,1,256,14,14,256,3,3,1,1,1,1,1,<5>|0.962952|164.9
conv,1,256,14,14,256,3,3,1,1,1,1,1,<4>|0.608242|127.7
conv,1,256,14,14,256,3,3,1,1,1,1,1,<1>|0.24921|50
conv,1,256,14,14,256,3,3,1,1,1,1,1,<6>|0.0691724|70
conv,1,256,14,14,256,3,3,1,1,1,1,1,<7>|0.150662|135.8
conv,1,256,14,14,256,3,3,1,1,1,1,1,<2>|0.14028|72.1
conv,1,256,14,14,256,3,3,1,1,1,1,1,<0>|0.125087|78
conv,1,256,14,14,256,1,1,1,1,0,0,0,<4>|0.604412|128.5
conv,1,256,14,14,256,1,1,1,1,0,0,0,<5>|0.111178|96.8
conv,1,256,14,14,256,1,1,1,1,0,0,0,<2>|0.100764|47.8
conv,1,256,14,14,256,1,1,1,1,0,0,0,<1>|0.0403266|49.3
conv,1,256,14,14,256,1,1,1,1,0,0,0,<0>|0.0218493|70
ew_add,1,256,14,14|0.00424491|54.2
conv,1,256,14,14,256,1,1,1,1,0,0,1,<4>|0.595471|130.7
conv,1,256,14,14,256,1,1,1,1,0,0,1,<5>|0.111467|96.2
conv,1,256,14,14,256,1,1,1,1,0,0,1,<2>|0.0982941|47
conv,1,256,14,14,256,1,1,1,1,0,0,1,<1>|0.0369705|49
conv,1,256,14,14,256,1,1,1,1,0,0,1,<0>|0.0191483|71.7
conv,1,256,14,14,512,1,1,2,2,0,0,1,<5>|1.72883|171.727
conv,1,256,14,14,512,1,1,2,2,0,0,1,<2>|0.0989557|44
conv,1,256,14,14,512,1,1,2,2,0,0,1,<1>|0.036941|48
conv,1,256,14,14,512,1,1,2,2,0,0,1,<0>|0.0194669|59.4
conv,1,512,7,7,512,3,3,1,1,1,1,1,<5>|3.34667|167.5
conv,1,512,7,7,512,3,3,1,1,1,1,1,<4>|2.2228|133.25
conv,1,512,7,7,512,3,3,1,1,1,1,1,<1>|0.5067|54
conv,1,512,7,7,512,3,3,1,1,1,1,1,<2>|0.327774|61
conv,1,512,7,7,512,3,3,1,1,1,1,1,<7>|0.283324|138.1
conv,1,512,7,7,512,3,3,1,1,1,1,1,<0>|0.288086|64
conv,1,512,7,7,512,3,3,1,1,1,1,1,<6>|0.150436|85
conv,1,512,7,7,512,1,1,1,1,0,0,0,<4>|2.1866|134.417
conv,1,512,7,7,512,1,1,1,1,0,0,0,<5>|0.272811|124.7
conv,1,512,7,7,512,1,1,1,1,0,0,0,<2>|0.110099|47
conv,1,512,7,7,512,1,1,1,1,0,0,0,<1>|0.0655359|49
conv,1,512,7,7,512,1,1,1,1,0,0,0,<0>|0.0346228|60
ew_add,1,512,7,7|0.00420694|48.1
conv,1,512,7,7,512,1,1,1,1,0,0,1,<4>|2.1674|134.25
conv,1,512,7,7,512,1,1,1,1,0,0,1,<5>|0.278722|122.8
conv,1,512,7,7,512,1,1,1,1,0,0,1,<2>|0.107925|46.2
conv,1,512,7,7,512,1,1,1,1,0,0,1,<1>|0.062625|49
conv,1,512,7,7,512,1,1,1,1,0,0,1,<0>|0.0324142|60
pool_avg,1,512,7,7,5,7,7,1,1,0,0,0|0.00573287|43
conv,1,64,56,56,256,1,1,2,2,0,0,1,<5>|0.766741|167.364
conv,1,64,56,56,256,1,1,2,2,0,0,1,<2>|0.0368435|58
conv,1,64,56,56,256,1,1,2,2,0,0,1,<1>|0.0176197|60
conv,1,64,56,56,256,1,1,2,2,0,0,1,<0>|0.0164843|85
conv,1,128,28,28,512,1,1,2,2,0,0,1,<5>|0.927455|168.4
conv,1,128,28,28,512,1,1,2,2,0,0,1,<2>|0.057592|51
conv,1,128,28,28,512,1,1,2,2,0,0,1,<1>|0.024152|54
conv,1,128,28,28,512,1,1,2,2,0,0,1,<0>|0.0167241|82
conv,1,256,14,14,1024,1,1,2,2,0,0,1,<5>|3.30257|172
conv,1,256,14,14,1024,1,1,2,2,0,0,1,<2>|0.0996716|46.9
conv,1,256,14,14,1024,1,1,2,2,0,0,1,<1>|0.0369077|56
conv,1,256,14,14,1024,1,1,2,2,0,0,1,<0>|0.0197512|78
conv,1,64,56,56,64,3,3,1,1,1,1,0,<4>|0.691517|136.1
conv,1,64,56,56,64,3,3,1,1,1,1,0,<5>|0.291855|127
conv,1,64,56,56,64,3,3,1,1,1,1,0,<7>|0.185389|143
conv,1,64,56,56,64,3,3,1,1,1,1,0,<2>|0.116942|87
conv,1,64,56,56,64,3,3,1,1,1,1,0,<1>|0.0754662|69
conv,1,64,56,56,64,3,3,1,1,1,1,0,<6>|0.0269448|99
conv,1,64,56,56,64,3,3,1,1,1,1,0,<0>|0.060259|115.2
conv,1,64,56,56,128,3,3,2,2,1,1,1,<5>|0.444348|156.2
conv,1,64,56,56,128,3,3,2,2,1,1,1,<1>|0.0712028|58
conv,1,64,56,56,128,3,3,2,2,1,1,1,<2>|0.0873537|67.4
conv,1,64,56,56,128,3,3,2,2,1,1,1,<0>|0.0537903|84.2
conv,1,128,28,28,128,3,3,1,1,1,1,0,<4>|0.520103|140.4
conv,1,128,28,28,128,3,3,1,1,1,1,0,<5>|0.302537|150
conv,1,128,28,28,128,3,3,1,1,1,1,0,<1>|0.135034|59
conv,1,128,28,28,128,3,3,1,1,1,1,0,<7>|0.14991|142.9
conv,1,128,28,28,128,3,3,1,1,1,1,0,<2>|0.101293|86
conv,1,128,28,28,128,3,3,1,1,1,1,0,<6>|0.0404768|82
conv,1,128,28,28,128,3,3,1,1,1,1,0,<0>|0.0983725|87
conv,1,128,28,28,256,3,3,2,2,1,1,1,<5>|0.516308|166.9
conv,1,128,28,28,256,3,3,2,2,1,1,1,<1>|0.130876|52
conv,1,128,28,28,256,3,3,2,2,1,1,1,<2>|0.0952038|67
conv,1,128,28,28,256,3,3,2,2,1,1,1,<0>|0.0656131|78
conv,1,256,14,14,256,3,3,1,1,1,1,0,<5>|0.973524|162.8
conv,1,256,14,14,256,3,3,1,1,1,1,0,<4>|0.616788|128.3
conv,1,256,14,14,256,3,3,1,1,1,1,0,<1>|0.25315|51
conv,1,256,14,14,256,3,3,1,1,1,1,0,<7>|0.154431|134.5
conv,1,256,14,14,256,3,3,1,1,1,1,0,<2>|0.143029|72.2
conv,1,256,14,14,256,3,3,1,1,1,1,0,<6>|0.0721799|69.1
conv,1,256,14,14,256,3,3,1,1,1,1,0,<0>|0.128359|77.3
conv,1,256,14,14,512,3,3,2,2,1,1,1,<5>|1.79783|168
conv,1,256,14,14,512,3,3,2,2,1,1,1,<1>|0.249037|50.9
conv,1,256,14,14,512,3,3,2,2,1,1,1,<2>|0.144705|58
conv,1,256,14,14,512,3,3,2,2,1,1,1,<0>|0.125225|63
conv,1,512,7,7,512,3,3,1,1,1,1,0,<5>|3.35233|167.9
conv,1,512,7,7,512,3,3,1,1,1,1,0,<4>|2.23333|132.9
conv,1,512,7,7,512,3,3,1,1,1,1,0,<1>|0.513436|54
conv,1,512,7,7,512,3,3,1,1,1,1,0,<2>|0.33082|61
conv,1,512,7,7,512,3,3,1,1,1,1,0,<7>|0.286571|137.5
conv,1,512,7,7,512,3,3,1,1,1,1,0,<0>|0.294853|64
conv,1,512,7,7,512,3,3,1,1,1,1,0,<6>|0.153756|84
conv,1,256,14,14,1024,3,3,2,2,1,1,1,<5>|3.33767|172.3
conv,1,256,14,14,1024,3,3,2,2,1,1,1,<1>|0.262961|65
conv,1,256,14,14,1024,3,3,2,2,1,1,1,<2>|0.202545|72.3
conv,1,256,14,14,1024,3,3,2,2,1,1,1,<0>|0.163252|82
conv,1,64,56,56,256,3,3,2,2,1,1,1,<5>|0.775|167.2
conv,1,64,56,56,256,3,3,2,2,1,1,1,<1>|0.0713452|72
conv,1,64,56,56,256,3,3,2,2,1,1,1,<2>|0.092|85
conv,1,64,56,56,256,3,3,2,2,1,1,1,<0>|0.0567875|120.1
conv,1,128,28,28,512,3,3,2,2,1,1,1,<5>|0.958|171.7
conv,1,128,28,28,512,3,3,2,2,1,1,1,<1>|0.130915|61
conv,1,128,28,28,512,3,3,2,2,1,1,1,<2>|0.119832|78
conv,1,128,28,28,512,3,3,2,2,1,1,1,<0>|0.0950237|94
conv,1,3,299,299,32,3,3,2,2,1,1,1,<5>|3.2015|92.7778
conv,1,3,299,299,32,3,3,2,2,1,1,1,<1>|0.0174555|89.1667
conv,1,3,299,299,32,3,3,2,2,1,1,1,<2>|0.0288242|108
conv,1,3,299,299,32,3,3,2,2,1,1,1,<0>|0.0179785|123
conv,1,32,149,149,32,3,3,1,1,1,1,1,<4>|4.57067|131.1
conv,1,32,149,149,32,3,3,1,1,1,1,1,<5>|1.38|114.857
conv,1,32,149,149,32,3,3,1,1,1,1,1,<7>|0.902167|146
conv,1,32,149,149,32,3,3,1,1,1,1,1,<6>|0.0331325|124.333
conv,1,32,149,149,32,3,3,1,1,1,1,1,<2>|0.138301|137
conv,1,32,149,149,32,3,3,1,1,1,1,1,<1>|0.0732847|103
conv,1,32,149,149,32,3,3,1,1,1,1,1,<0>|0.0608364|161
conv,1,64,73,73,80,3,3,1,1,1,1,1,<4>|3.92933|142.857
conv,1,64,73,73,80,3,3,1,1,1,1,1,<5>|0.729286|146.167
conv,1,64,73,73,80,3,3,1,1,1,1,1,<7>|0.438522|162
conv,1,64,73,73,80,3,3,1,1,1,1,1,<6>|0.0382672|137
conv,1,64,73,73,80,3,3,1,1,1,1,1,<1>|0.122244|94
conv,1,64,73,73,80,3,3,1,1,1,1,1,<2>|0.144457|128
conv,1,64,73,73,80,3,3,1,1,1,1,1,<0>|0.0929444|151
conv,1,80,73,73,192,3,3,1,1,1,1,1,<4>|10.209|144.588
conv,1,80,73,73,192,3,3,1,1,1,1,1,<5>|1.48914|171.833
conv,1,80,73,73,192,3,3,1,1,1,1,1,<7>|0.783231|165
conv,1,80,73,73,192,3,3,1,1,1,1,1,<2>|0.289371|129.167
conv,1,80,73,73,192,3,3,1,1,1,1,1,<6>|0.0842353|156
conv,1,80,73,73,192,3,3,1,1,1,1,1,<0>|0.183927|178.167
conv,1,80,73,73,192,3,3,1,1,1,1,1,<1>|0.150687|123
conv,1,192,35,35,64,3,3,1,1,1,1,1,<4>|1.80733|143.833
conv,1,192,35,35,64,3,3,1,1,1,1,1,<5>|0.582|157
conv,1,192,35,35,64,3,3,1,1,1,1,1,<1>|0.189472|53.3333
conv,1,192,35,35,64,3,3,1,1,1,1,1,<2>|0.181321|80
conv,1,192,35,35,64,3,3,1,1,1,1,1,<7>|0.181891|149.5
conv,1,192,35,35,64,3,3,1,1,1,1,1,<6>|0.05008|80
conv,1,192,35,35,64,3,3,1,1,1,1,1,<0>|0.094566|93
conv,1,192,35,35,48,3,3,1,1,1,1,1,<4>|1.61314|142.714
conv,1,192,35,35,48,3,3,1,1,1,1,1,<5>|0.556889|154.667
conv,1,192,35,35,48,3,3,1,1,1,1,1,<1>|0.188185|53
conv,1,192,35,35,48,3,3,1,1,1,1,1,<7>|0.176351|147.5
conv,1,192,35,35,48,3,3,1,1,1,1,1,<2>|0.179464|79
conv,1,192,35,35,48,3,3,1,1,1,1,1,<6>|0.05001|79
conv,1,192,35,35,48,3,3,1,1,1,1,1,<0>|0.094566|91
conv,1,192,35,35,32,3,3,1,1,1,1,1,<4>|1.4315|134.143
conv,1,192,35,35,32,3,3,1,1,1,1,1,<5>|0.873667|142.833
conv,1,192,35,35,32,3,3,1,1,1,1,1,<1>|0.188|52.5
conv,1,192,35,35,32,3,3,1,1,1,1,1,<7>|0.169593|146.5
conv,1,192,35,35,32,3,3,1,1,1,1,1,<2>|0.1815|66.5
conv,1,192,35,35,32,3,3,1,1,1,1,1,<6>|0.0494975|60
conv,1,192,35,35,32,3,3,1,1,1,1,1,<0>|0.0945094|67
conv,1,256,35,35,64,3,3,1,1,1,1,1,<4>|2.3464|145
conv,1,256,35,35,64,3,3,1,1,1,1,1,<5>|0.738286|159.833
conv,1,256,35,35,64,3,3,1,1,1,1,1,<1>|0.246683|52.6667
conv,1,256,35,35,64,3,3,1,1,1,1,1,<7>|0.230864|149.667
conv,1,256,35,35,64,3,3,1,1,1,1,1,<2>|0.226178|83
conv,1,256,35,35,64,3,3,1,1,1,1,1,<6>|0.0639236|80.1667
conv,1,256,35,35,64,3,3,1,1,1,1,1,<0>|0.123439|93
conv,1,256,35,35,48,3,3,1,1,1,1,1,<4>|2.072|143.167
conv,1,256,35,35,48,3,3,1,1,1,1,1,<5>|0.715467|155.333
conv,1,256,35,35,48,3,3,1,1,1,1,1,<1>|0.24639|52.6667
conv,1,256,35,35,48,3,3,1,1,1,1,1,<7>|0.224756|148.667
conv,1,256,35,35,48,3,3,1,1,1,1,1,<2>|0.225067|82
conv,1,256,35,35,48,3,3,1,1,1,1,1,<6>|0.0637707|80
conv,1,256,35,35,48,3,3,1,1,1,1,1,<0>|0.123506|91
conv,1,288,35,35,64,3,3,1,1,1,1,1,<4>|2.602|145
conv,1,288,35,35,64,3,3,1,1,1,1,1,<5>|0.819692|160.5
conv,1,288,35,35,64,3,3,1,1,1,1,1,<1>|0.275081|53
conv,1,288,35,35,64,3,3,1,1,1,1,1,<7>|0.2557|150.833
conv,1,288,35,35,64,3,3,1,1,1,1,1,<2>|0.24561|85
conv,1,288,35,35,64,3,3,1,1,1,1,1,<6>|0.0707324|81
conv,1,288,35,35,64,3,3,1,1,1,1,1,<0>|0.137836|93
conv,1,288,35,35,48,3,3,1,1,1,1,1,<4>|2.3412|143.143
conv,1,288,35,35,48,3,3,1,1,1,1,1,<5>|0.791077|157
conv,1,288,35,35,48,3,3,1,1,1,1,1,<1>|0.274649|53
conv,1,288,35,35,48,3,3,1,1,1,1,1,<7>|0.249512|149.167
conv,1,288,35,35,48,3,3,1,1,1,1,1,<2>|0.244439|84
conv,1,288,35,35,48,3,3,1,1,1,1,1,<6>|0.0706338|81
conv,1,288,35,35,48,3,3,1,1,1,1,1,<0>|0.137781|92
conv,1,288,35,35,384,3,3,2,2,1,1,1,<5>|3.87533|181.857
conv,1,288,35,35,384,3,3,2,2,1,1,1,<1>|0.275081|63
conv,1,288,35,35,384,3,3,2,2,1,1,1,<2>|0.224178|97
conv,1,288,35,35,384,3,3,2,2,1,1,1,<0>|0.199765|103
conv,1,96,35,35,96,3,3,2,2,1,1,1,<5>|0.471182|153.167
conv,1,96,35,35,96,3,3,2,2,1,1,1,<1>|0.10088|47.5
conv,1,96,35,35,96,3,3,2,2,1,1,1,<2>|0.0819512|55
conv,1,96,35,35,96,3,3,2,2,1,1,1,<0>|0.0503518|63
conv,1,768,17,17,192,3,3,1,1,1,1,1,<4>|3.58533|148.833
conv,1,768,17,17,192,3,3,1,1,1,1,1,<5>|1.958|165.125
conv,1,768,17,17,192,3,3,1,1,1,1,1,<1>|0.704533|52.8333
conv,1,768,17,17,192,3,3,1,1,1,1,1,<7>|0.582111|141.5
conv,1,768,17,17,192,3,3,1,1,1,1,1,<2>|0.482476|75
conv,1,768,17,17,192,3,3,1,1,1,1,1,<0>|0.389385|78
conv,1,768,17,17,192,3,3,1,1,1,1,1,<6>|0.186556|97
conv,1,768,17,17,128,3,3,1,1,1,1,1,<4>|2.532|146
conv,1,768,17,17,128,3,3,1,1,1,1,1,<5>|1.38|162.714
conv,1,768,17,17,128,3,3,1,1,1,1,1,<1>|0.686933|49
conv,1,768,17,17,128,3,3,1,1,1,1,1,<2>|0.478476|66
conv,1,768,17,17,128,3,3,1,1,1,1,1,<7>|0.388538|149.667
conv,1,768,17,17,128,3,3,1,1,1,1,1,<0>|0.343533|68.6667
conv,1,768,17,17,128,3,3,1,1,1,1,1,<6>|0.179357|80
conv,1,768,17,17,160,3,3,1,1,1,1,1,<4>|3.1335|147.125
conv,1,768,17,17,160,3,3,1,1,1,1,1,<5>|1.676|164.571
conv,1,768,17,17,160,3,3,1,1,1,1,1,<1>|0.685467|52
conv,1,768,17,17,160,3,3,1,1,1,1,1,<7>|0.569889|139.667
conv,1,768,17,17,160,3,3,1,1,1,1,1,<2>|0.480571|71
conv,1,768,17,17,160,3,3,1,1,1,1,1,<0>|0.3438|75
conv,1,768,17,17,160,3,3,1,1,1,1,1,<6>|0.182218|89
conv,1,192,17,17,320,3,3,2,2,1,1,1,<5>|0.89|164.667
conv,1,192,17,17,320,3,3,2,2,1,1,1,<1>|0.189472|46.6667
conv,1,192,17,17,320,3,3,2,2,1,1,1,<2>|0.117442|56.1667
conv,1,192,17,17,320,3,3,2,2,1,1,1,<0>|0.0943774|61.8333
conv,1,192,17,17,192,3,3,2,2,1,1,1,<5>|0.569|160.667
conv,1,192,17,17,192,3,3,2,2,1,1,1,<1>|0.188296|45
conv,1,192,17,17,192,3,3,2,2,1,1,1,<2>|0.117256|51
conv,1,192,17,17,192,3,3,2,2,1,1,1,<0>|0.0945283|53
conv,1,1280,8,8,320,3,3,1,1,1,1,1,<5>|4.65867|168.2
conv,1,1280,8,8,320,3,3,1,1,1,1,1,<4>|3.2715|132.667
conv,1,1280,8,8,320,3,3,1,1,1,1,1,<1>|1.13756|49
conv,1,1280,8,8,320,3,3,1,1,1,1,1,<2>|0.738143|55
conv,1,1280,8,8,320,3,3,1,1,1,1,1,<0>|0.65075|55
conv,1,1280,8,8,320,3,3,1,1,1,1,1,<7>|0.49781|127.667
conv,1,1280,8,8,320,3,3,1,1,1,1,1,<6>|0.324645|72.5
conv,1,1280,8,8,384,3,3,1,1,1,1,1,<5>|5.47067|169.417
conv,1,1280,8,8,384,3,3,1,1,1,1,1,<4>|3.79|132.857
conv,1,1280,8,8,384,3,3,1,1,1,1,1,<1>|1.136|51
conv,1,1280,8,8,384,3,3,1,1,1,1,1,<2>|0.743429|56.8333
conv,1,1280,8,8,384,3,3,1,1,1,1,1,<0>|0.651375|58
conv,1,1280,8,8,384,3,3,1,1,1,1,1,<7>|0.5123|140
conv,1,1280,8,8,384,3,3,1,1,1,1,1,<6>|0.335267|78
conv,1,384,8,8,384,3,3,1,1,1,1,1,<5>|1.921|168.429
conv,1,384,8,8,384,3,3,1,1,1,1,1,<4>|1.273|131.5
conv,1,384,8,8,384,3,3,1,1,1,1,1,<1>|0.359286|48.1667
conv,1,384,8,8,384,3,3,1,1,1,1,1,<2>|0.234465|55
conv,1,384,8,8,384,3,3,1,1,1,1,1,<0>|0.18025|57
conv,1,384,8,8,384,3,3,1,1,1,1,1,<7>|0.169525|134
conv,1,384,8,8,384,3,3,1,1,1,1,1,<6>|0.107106|75
conv,1,1280,8,8,448,3,3,1,1,1,1,1,<4>|4.37867|135
conv,1,1280,8,8,448,3,3,1,1,1,1,1,<1>|1.13644|52
conv,1,1280,8,8,448,3,3,1,1,1,1,1,<2>|0.742714|59
conv,1,1280,8,8,448,3,3,1,1,1,1,1,<0>|0.6505|60
conv,1,1280,8,8,448,3,3,1,1,1,1,1,<7>|0.645625|132
conv,1,1280,8,8,448,3,3,1,1,1,1,1,<6>|0.345517|82.3333
conv,1,1280,8,8,192,3,3,1,1,1,1,1,<5>|3.0075|167.625
conv,1,1280,8,8,192,3,3,1,1,1,1,1,<4>|2.1284|127.833
conv,1,1280,8,8,192,3,3,1,1,1,1,1,<1>|1.13556|46
conv,1,1280,8,8,192,3,3,1,1,1,1,1,<2>|0.731143|50
conv,1,1280,8,8,192,3,3,1,1,1,1,1,<0>|0.653375|50
conv,1,1280,8,8,192,3,3,1,1,1,1,1,<6>|0.304|61
conv,1,1280,8,8,192,3,3,1,1,1,1,1,<7>|0.330968|122
conv,1,2048,8,8,320,3,3,1,1,1,1,1,<4>|5.00067|131.182
conv,1,2048,8,8,320,3,3,1,1,1,1,1,<1>|1.69|49
conv,1,2048,8,8,320,3,3,1,1,1,1,1,<2>|1.1182|55
conv,1,2048,8,8,320,3,3,1,1,1,1,1,<0>|0.959818|55
conv,1,2048,8,8,320,3,3,1,1,1,1,1,<7>|0.759714|125.667
conv,1,2048,8,8,320,3,3,1,1,1,1,1,<6>|0.5056|73
conv,1,2048,8,8,384,3,3,1,1,1,1,1,<4>|5.678|127.143
conv,1,2048,8,8,384,3,3,1,1,1,1,1,<1>|1.691|51
conv,1,2048,8,8,384,3,3,1,1,1,1,1,<2>|1.1232|57
conv,1,2048,8,8,384,3,3,1,1,1,1,1,<0>|0.961273|58
conv,1,2048,8,8,384,3,3,1,1,1,1,1,<7>|0.789385|137.667
conv,1,2048,8,8,384,3,3,1,1,1,1,1,<6>|0.5238|79
conv,1,2048,8,8,448,3,3,1,1,1,1,1,<1>|1.692|52
conv,1,2048,8,8,448,3,3,1,1,1,1,1,<2>|1.1216|59
conv,1,2048,8,8,448,3,3,1,1,1,1,1,<0>|0.962182|60
conv,1,2048,8,8,448,3,3,1,1,1,1,1,<7>|1.00036|129.143
conv,1,2048,8,8,448,3,3,1,1,1,1,1,<6>|0.539263|83
conv,1,2048,8,8,192,3,3,1,1,1,1,1,<5>|4.40733|169.667
conv,1,2048,8,8,192,3,3,1,1,1,1,1,<4>|3.434|118.5
conv,1,2048,8,8,192,3,3,1,1,1,1,1,<1>|1.69233|46
conv,1,2048,8,8,192,3,3,1,1,1,1,1,<2>|1.1134|50
conv,1,2048,8,8,192,3,3,1,1,1,1,1,<0>|0.968364|49.6667
conv,1,2048,8,8,192,3,3,1,1,1,1,1,<7>|0.5124|120.167
conv,1,2048,8,8,192,3,3,1,1,1,1,1,<6>|0.474545|61.6667
conv,1,2048,8,8,704,3,3,1,1,1,1,1,<1>|1.69433|58
conv,1,2048,8,8,704,3,3,1,1,1,1,1,<7>|1.51914|128.167
conv,1,2048,8,8,704,3,3,1,1,1,1,1,<2>|1.11244|69
conv,1,2048,8,8,704,3,3,1,1,1,1,1,<0>|0.960182|71
conv,1,2048,8,8,704,3,3,1,1,1,1,1,<6>|0.603412|99.6667
conv,1,2048,8,8,1152,3,3,1,1,1,1,1,<7>|2.1916|136.5
conv,1,2048,8,8,1152,3,3,1,1,1,1,1,<1>|1.701|68
conv,1,2048,8,8,1152,3,3,1,1,1,1,1,<2>|1.13622|85
conv,1,2048,8,8,1152,3,3,1,1,1,1,1,<0>|0.965091|90
conv,1,2048,8,8,1152,3,3,1,1,1,1,1,<6>|0.715867|121.167
conv,1,1280,8,8,768,3,3,1,1,1,1,1,<1>|1.13844|59.1667
conv,1,1280,8,8,768,3,3,1,1,1,1,1,<7>|1.0258|137
conv,1,1280,8,8,768,3,3,1,1,1,1,1,<2>|0.750429|71
conv,1,1280,8,8,768,3,3,1,1,1,1,1,<0>|0.649125|74
conv,1,1280,8,8,768,3,3,1,1,1,1,1,<6>|0.399385|102.167
conv,1,1280,8,8,1152,3,3,1,1,1,1,1,<7>|1.43675|140.429
conv,1,1280,8,8,1152,3,3,1,1,1,1,1,<1>|1.14133|68
conv,1,1280,8,8,1152,3,3,1,1,1,1,1,<2>|0.765429|83.8333
conv,1,1280,8,8,1152,3,3,1,1,1,1,1,<0>|0.6525|90
conv,1,1280,8,8,1152,3,3,1,1,1,1,1,<6>|0.462091|120
conv,1,768,17,17,256,3,3,1,1,1,1,1,<4>|4.76133|148.8
conv,1,768,17,17,256,3,3,1,1,1,1,1,<5>|2.518|166.375
conv,1,768,17,17,256,3,3,1,1,1,1,1,<1>|0.7164|57
conv,1,768,17,17,256,3,3,1,1,1,1,1,<7>|0.699467|147.5
conv,1,768,17,17,256,3,3,1,1,1,1,1,<2>|0.487714|85
conv,1,768,17,17,256,3,3,1,1,1,1,1,<0>|0.41416|89
conv,1,768,17,17,256,3,3,1,1,1,1,1,<6>|0.193192|114
conv,1,768,17,17,320,3,3,1,1,1,1,1,<5>|2.9945|170
conv,1,768,17,17,320,3,3,1,1,1,1,1,<7>|0.851333|146.167
conv,1,768,17,17,320,3,3,1,1,1,1,1,<1>|0.716667|61
conv,1,768,17,17,320,3,3,1,1,1,1,1,<0>|0.493048|90.1667
conv,1,768,17,17,320,3,3,1,1,1,1,1,<2>|0.49019|92
conv,1,768,17,17,320,3,3,1,1,1,1,1,<6>|0.199843|129
conv,1,768,17,17,512,3,3,1,1,1,1,1,<5>|4.36533|171.889
conv,1,768,17,17,512,3,3,1,1,1,1,1,<7>|1.23444|150.857
conv,1,768,17,17,512,3,3,1,1,1,1,1,<1>|0.717467|73
conv,1,768,17,17,512,3,3,1,1,1,1,1,<0>|0.495048|116.333
conv,1,768,17,17,512,3,3,1,1,1,1,1,<2>|0.497619|114.833
conv,1,768,17,17,512,3,3,1,1,1,1,1,<6>|0.365286|122
conv,1,768,17,17,384,3,3,1,1,1,1,1,<5>|3.532|172.3
conv,1,768,17,17,384,3,3,1,1,1,1,1,<7>|0.991636|147.833
conv,1,768,17,17,384,3,3,1,1,1,1,1,<1>|0.716933|65
conv,1,768,17,17,384,3,3,1,1,1,1,1,<0>|0.49381|99.8333
conv,1,768,17,17,384,3,3,1,1,1,1,1,<2>|0.492476|100
conv,1,768,17,17,384,3,3,1,1,1,1,1,<6>|0.20649|144
conv,1,768,17,17,576,3,3,1,1,1,1,1,<5>|4.88867|173.6
conv,1,768,17,17,576,3,3,1,1,1,1,1,<7>|1.38325|150.143
conv,1,768,17,17,576,3,3,1,1,1,1,1,<1>|0.717867|77
conv,1,768,17,17,576,3,3,1,1,1,1,1,<0>|0.545368|118.167
conv,1,768,17,17,576,3,3,1,1,1,1,1,<2>|0.5174|120
conv,1,768,17,17,576,3,3,1,1,1,1,1,<6>|0.371926|131
conv,1,768,17,17,448,3,3,1,1,1,1,1,<5>|3.88|172.429
conv,1,768,17,17,448,3,3,1,1,1,1,1,<7>|1.14422|146.167
conv,1,768,17,17,448,3,3,1,1,1,1,1,<1>|0.7176|69
conv,1,768,17,17,448,3,3,1,1,1,1,1,<0>|0.493905|108.667
conv,1,768,17,17,448,3,3,1,1,1,1,1,<2>|0.49581|107.5
conv,1,768,17,17,448,3,3,1,1,1,1,1,<6>|0.359|111.333
conv,1,288,35,35,112,3,3,1,1,1,1,1,<4>|4.69333|146
conv,1,288,35,35,112,3,3,1,1,1,1,1,<5>|1.44914|172.667
conv,1,288,35,35,112,3,3,1,1,1,1,1,<7>|0.41648|150.833
conv,1,288,35,35,112,3,3,1,1,1,1,1,<1>|0.275027|65
conv,1,288,35,35,112,3,3,1,1,1,1,1,<2>|0.248341|109
conv,1,288,35,35,112,3,3,1,1,1,1,1,<0>|0.199765|110.5
conv,1,288,35,35,112,3,3,1,1,1,1,1,<6>|0.0719712|122
conv,1,288,35,35,176,3,3,1,1,1,1,1,<4>|6.779|149.778
conv,1,288,35,35,176,3,3,1,1,1,1,1,<5>|2.0796|180.833
conv,1,288,35,35,176,3,3,1,1,1,1,1,<7>|0.553579|159.333
conv,1,288,35,35,176,3,3,1,1,1,1,1,<1>|0.274703|78
conv,1,288,35,35,176,3,3,1,1,1,1,1,<2>|0.25415|133.833
conv,1,288,35,35,176,3,3,1,1,1,1,1,<0>|0.223067|136.667
conv,1,288,35,35,176,3,3,1,1,1,1,1,<6>|0.13336|110.2
conv,1,256,35,35,128,3,3,1,1,1,1,1,<4>|4.43333|149.222
conv,1,256,35,35,128,3,3,1,1,1,1,1,<5>|1.3315|176.833
conv,1,256,35,35,128,3,3,1,1,1,1,1,<7>|0.379926|154.167
conv,1,256,35,35,128,3,3,1,1,1,1,1,<1>|0.246049|66.8333
conv,1,256,35,35,128,3,3,1,1,1,1,1,<2>|0.229364|108.667
conv,1,256,35,35,128,3,3,1,1,1,1,1,<0>|0.179464|113
conv,1,256,35,35,128,3,3,1,1,1,1,1,<6>|0.064961|122
conv,1,256,35,35,176,3,3,1,1,1,1,1,<4>|5.998|149.571
conv,1,256,35,35,176,3,3,1,1,1,1,1,<5>|1.89667|179.143
conv,1,256,35,35,176,3,3,1,1,1,1,1,<7>|0.51|155.667
conv,1,256,35,35,176,3,3,1,1,1,1,1,<1>|0.246049|78
conv,1,256,35,35,176,3,3,1,1,1,1,1,<2>|0.23414|130
conv,1,256,35,35,176,3,3,1,1,1,1,1,<0>|0.20032|136
conv,1,256,35,35,176,3,3,1,1,1,1,1,<6>|0.119738|110
conv,1,192,35,35,112,3,3,1,1,1,1,1,<4>|3.241|149
conv,1,192,35,35,112,3,3,1,1,1,1,1,<5>|1.0276|171.333
conv,1,192,35,35,112,3,3,1,1,1,1,1,<7>|0.286571|155.6
conv,1,192,35,35,112,3,3,1,1,1,1,1,<1>|0.188407|66
conv,1,192,35,35,112,3,3,1,1,1,1,1,<2>|0.1848|103
conv,1,192,35,35,112,3,3,1,1,1,1,1,<0>|0.138917|111
conv,1,192,35,35,112,3,3,1,1,1,1,1,<6>|0.0508325|119
conv,1,192,35,35,176,3,3,1,1,1,1,1,<4>|16.59|76.8333
conv,1,192,35,35,176,3,3,1,1,1,1,1,<5>|1.46229|176.667
conv,1,192,35,35,176,3,3,1,1,1,1,1,<7>|0.393846|157.5
conv,1,192,35,35,176,3,3,1,1,1,1,1,<1>|0.188481|77
conv,1,192,35,35,176,3,3,1,1,1,1,1,<2>|0.192|122.5
conv,1,192,35,35,176,3,3,1,1,1,1,1,<0>|0.152273|135
conv,1,192,35,35,176,3,3,1,1,1,1,1,<6>|0.092422|106
conv,16,3,222,222,96,7,7,2,2,3,3,1,<5>|3.586|117.769
conv,16,3,222,222,96,7,7,2,2,3,3,1,<2>|0.980471|165.833
conv,16,3,222,222,96,7,7,2,2,3,3,1,<0>|0.61563|226.909
conv,16,3,222,222,96,7,7,2,2,3,3,1,<1>|0.593259|173.364
pool_max,16,96,111,111,4,3,3,2,2,0,0,0|0.175217|195.818
conv,16,96,55,55,16,1,1,1,1,0,0,1,<4>|0.314627|140.364
conv,16,96,55,55,16,1,1,1,1,0,0,1,<5>|0.195585|136.182
conv,16,96,55,55,16,1,1,1,1,0,0,1,<2>|0.135378|145.636
conv,16,96,55,55,16,1,1,1,1,0,0,1,<1>|0.0631575|147.364
conv,16,96,55,55,16,1,1,1,1,0,0,1,<0>|0.0496904|183.909
conv,16,16,55,55,64,3,3,1,1,1,1,1,<5>|0.215013|113
conv,16,16,55,55,64,3,3,1,1,1,1,1,<7>|0.147211|130.273
conv,16,16,55,55,64,3,3,1,1,1,1,1,<2>|0.238059|160.455
conv,16,16,55,55,64,3,3,1,1,1,1,1,<4>|0.198099|140
conv,16,16,55,55,64,3,3,1,1,1,1,1,<6>|0.124248|141.545
conv,16,16,55,55,64,3,3,1,1,1,1,1,<1>|0.0863118|156.909
conv,16,16,55,55,64,3,3,1,1,1,1,1,<0>|0.116978|207
conv,16,16,55,55,64,1,1,1,1,0,0,1,<4>|0.199654|140
conv,16,16,55,55,64,1,1,1,1,0,0,1,<5>|0.157235|115.273
conv,16,16,55,55,64,1,1,1,1,0,0,1,<2>|0.083171|128
conv,16,16,55,55,64,1,1,1,1,0,0,1,<1>|0.039806|119.273
conv,16,16,55,55,64,1,1,1,1,0,0,1,<0>|0.069713|137
concat,16,64,55,55,<1>,<1>|0.0693853|91.9091
conv,16,96,55,55,128,1,1,1,1,0,0,1,<4>|1.181|159.333
conv,16,96,55,55,128,1,1,1,1,0,0,1,<5>|0.442757|150
conv,16,96,55,55,128,1,1,1,1,0,0,1,<2>|0.272407|141.636
conv,16,96,55,55,128,1,1,1,1,0,0,1,<0>|0.183682|214
conv,16,96,55,55,128,1,1,1,1,0,0,1,<1>|0.118667|173.455
ew_add,16,128,55,55|0.0932558|141.818
conv,16,128,55,55,16,1,1,1,1,0,0,1,<4>|0.398585|128.273
conv,16,128,55,55,16,1,1,1,1,0,0,1,<5>|0.242328|126.091
conv,16,128,55,55,16,1,1,1,1,0,0,1,<2>|0.175174|130.273
conv,16,128,55,55,16,1,1,1,1,0,0,1,<1>|0.0783122|152.273
conv,16,128,55,55,16,1,1,1,1,0,0,1,<0>|0.0612443|190.818
conv,16,128,55,55,32,1,1,1,1,0,0,1,<4>|0.500313|154.909
conv,16,128,55,55,32,1,1,1,1,0,0,1,<5>|0.257968|129.727
conv,16,128,55,55,32,1,1,1,1,0,0,1,<2>|0.186279|131
conv,16,128,55,55,32,1,1,1,1,0,0,1,<1>|0.0787451|156.182
conv,16,128,55,55,32,1,1,1,1,0,0,1,<0>|0.0696783|187.364
conv,16,32,55,55,128,3,3,1,1,1,1,1,<5>|0.454611|140.545
conv,16,32,55,55,128,3,3,1,1,1,1,1,<4>|0.50975|157
conv,16,32,55,55,128,3,3,1,1,1,1,1,<2>|0.475706|165.091
conv,16,32,55,55,128,3,3,1,1,1,1,1,<0>|0.374465|170.364
conv,16,32,55,55,128,3,3,1,1,1,1,1,<6>|0.296327|160.273
conv,16,32,55,55,128,3,3,1,1,1,1,1,<1>|0.291709|164
conv,16,32,55,55,128,3,3,1,1,1,1,1,<7>|0.291455|147
conv,16,32,55,55,128,1,1,1,1,0,0,1,<4>|0.508938|156.909
conv,16,32,55,55,128,1,1,1,1,0,0,1,<5>|0.297333|136.818
conv,16,32,55,55,128,1,1,1,1,0,0,1,<2>|0.16666|135
conv,16,32,55,55,128,1,1,1,1,0,0,1,<1>|0.0785784|146
conv,16,32,55,55,128,1,1,1,1,0,0,1,<0>|0.132909|169
concat,16,128,55,55,<1>,<1>|0.131475|96
conv,16,128,55,55,256,1,1,1,1,0,0,1,<4>|2.73467|163.182
conv,16,128,55,55,256,1,1,1,1,0,0,1,<5>|0.904222|161.455
conv,16,128,55,55,256,1,1,1,1,0,0,1,<2>|0.508125|161
conv,16,128,55,55,256,1,1,1,1,0,0,1,<0>|0.385952|184.091
conv,16,128,55,55,256,1,1,1,1,0,0,1,<1>|0.265246|190.818
ew_add,16,256,55,55|0.180292|146.182
pool_max,16,256,55,55,4,3,3,2,2,0,0,0|0.11877|206
conv,16,256,27,27,32,1,1,1,1,0,0,1,<4>|0.521484|149.727
conv,16,256,27,27,32,1,1,1,1,0,0,1,<5>|0.138534|129.182
conv,16,256,27,27,32,1,1,1,1,0,0,1,<2>|0.193422|95
conv,16,256,27,27,32,1,1,1,1,0,0,1,<1>|0.0616385|121.636
conv,16,256,27,27,32,1,1,1,1,0,0,1,<0>|0.0426064|166.182
conv,16,32,27,27,128,3,3,1,1,1,1,1,<4>|0.191095|154
conv,16,32,27,27,128,3,3,1,1,1,1,1,<2>|0.176923|142
conv,16,32,27,27,128,3,3,1,1,1,1,1,<5>|0.141263|147
conv,16,32,27,27,128,3,3,1,1,1,1,1,<6>|0.0706784|185
conv,16,32,27,27,128,3,3,1,1,1,1,1,<1>|0.0975273|149
conv,16,32,27,27,128,3,3,1,1,1,1,1,<0>|0.116594|160.182
conv,16,32,27,27,128,3,3,1,1,1,1,1,<7>|0.0818061|154
conv,16,32,27,27,128,1,1,1,1,0,0,1,<4>|0.190738|153.909
conv,16,32,27,27,128,1,1,1,1,0,0,1,<5>|0.0896536|124.909
conv,16,32,27,27,128,1,1,1,1,0,0,1,<2>|0.0603684|124.909
conv,16,32,27,27,128,1,1,1,1,0,0,1,<1>|0.0236834|135
conv,16,32,27,27,128,1,1,1,1,0,0,1,<0>|0.0362262|169.455
concat,16,128,27,27,<1>,<1>|0.0369977|98.5455
ew_add,16,256,27,27|0.0475786|136
conv,16,256,27,27,48,1,1,1,1,0,0,1,<4>|0.51425|143.167
conv,16,256,27,27,48,1,1,1,1,0,0,1,<5>|0.183795|117.545
conv,16,256,27,27,48,1,1,1,1,0,0,1,<2>|0.214453|92.9091
conv,16,256,27,27,48,1,1,1,1,0,0,1,<1>|0.061861|107.091
conv,16,256,27,27,48,1,1,1,1,0,0,1,<0>|0.0664066|165.909
conv,16,48,27,27,192,3,3,1,1,1,1,1,<4>|0.348652|145.091
conv,16,48,27,27,192,3,3,1,1,1,1,1,<2>|0.316275|154.909
conv,16,48,27,27,192,3,3,1,1,1,1,1,<5>|0.234812|146.636
conv,16,48,27,27,192,3,3,1,1,1,1,1,<0>|0.239254|193.273
conv,16,48,27,27,192,3,3,1,1,1,1,1,<1>|0.18036|142
conv,16,48,27,27,192,3,3,1,1,1,1,1,<6>|0.132942|168.727
conv,16,48,27,27,192,3,3,1,1,1,1,1,<7>|0.126614|146.091
conv,16,48,27,27,192,1,1,1,1,0,0,1,<4>|0.347913|145.636
conv,16,48,27,27,192,1,1,1,1,0,0,1,<5>|0.125078|127.545
conv,16,48,27,27,192,1,1,1,1,0,0,1,<2>|0.088453|123.545
conv,16,48,27,27,192,1,1,1,1,0,0,1,<1>|0.038446|133
conv,16,48,27,27,192,1,1,1,1,0,0,1,<0>|0.054744|171.545
concat,16,192,27,27,<1>,<1>|0.0518835|90.5455
conv,16,256,27,27,384,1,1,1,1,0,0,1,<4>|2.674|154.357
conv,16,256,27,27,384,1,1,1,1,0,0,1,<5>|0.53271|160.364
conv,16,256,27,27,384,1,1,1,1,0,0,1,<2>|0.4027|131.182
conv,16,256,27,27,384,1,1,1,1,0,0,1,<0>|0.416462|130
conv,16,256,27,27,384,1,1,1,1,0,0,1,<1>|0.207026|160.909
ew_add,16,384,27,27|0.0688927|140
conv,16,384,27,27,48,1,1,1,1,0,0,1,<4>|0.762|143.917
conv,16,384,27,27,48,1,1,1,1,0,0,1,<5>|0.252188|123
conv,16,384,27,27,48,1,1,1,1,0,0,1,<2>|0.244273|107.273
conv,16,384,27,27,48,1,1,1,1,0,0,1,<1>|0.0855722|111
conv,16,384,27,27,48,1,1,1,1,0,0,1,<0>|0.0936374|173
conv,16,384,27,27,64,1,1,1,1,0,0,1,<4>|0.8086|149.091
conv,16,384,27,27,64,1,1,1,1,0,0,1,<5>|0.257333|125.909
conv,16,384,27,27,64,1,1,1,1,0,0,1,<2>|0.246152|110
conv,16,384,27,27,64,1,1,1,1,0,0,1,<1>|0.0859572|112
conv,16,384,27,27,64,1,1,1,1,0,0,1,<0>|0.0936842|176
conv,16,64,27,27,256,3,3,1,1,1,1,1,<4>|0.552897|151
conv,16,64,27,27,256,3,3,1,1,1,1,1,<5>|0.346511|159.273
conv,16,64,27,27,256,3,3,1,1,1,1,1,<2>|0.4022|158.364
conv,16,64,27,27,256,3,3,1,1,1,1,1,<0>|0.365682|152.727
conv,16,64,27,27,256,3,3,1,1,1,1,1,<1>|0.296291|145
conv,16,64,27,27,256,3,3,1,1,1,1,1,<6>|0.214213|172
conv,16,64,27,27,256,3,3,1,1,1,1,1,<7>|0.181798|150
conv,16,64,27,27,256,1,1,1,1,0,0,1,<4>|0.550933|148.909
conv,16,64,27,27,256,1,1,1,1,0,0,1,<5>|0.164061|141
conv,16,64,27,27,256,1,1,1,1,0,0,1,<2>|0.122901|133
conv,16,64,27,27,256,1,1,1,1,0,0,1,<1>|0.0524852|150
conv,16,64,27,27,256,1,1,1,1,0,0,1,<0>|0.0764|190
concat,16,256,27,27,<1>,<1>|0.0672353|93
conv,16,384,27,27,512,1,1,1,1,0,0,1,<4>|4.987|158.688
conv,16,384,27,27,512,1,1,1,1,0,0,1,<5>|0.937222|167.333
conv,16,384,27,27,512,1,1,1,1,0,0,1,<2>|0.615407|149.25
conv,16,384,27,27,512,1,1,1,1,0,0,1,<0>|0.515|147.167
conv,16,384,27,27,512,1,1,1,1,0,0,1,<1>|0.373256|172.818
ew_add,16,512,27,27|0.0905085|143
pool_max,16,512,27,27,4,3,3,2,2,0,0,0|0.0599476|192
conv,16,512,13,13,64,1,1,1,1,0,0,1,<4>|0.339208|153.364
conv,16,512,13,13,64,1,1,1,1,0,0,1,<5>|0.170957|141
conv,16,512,13,13,64,1,1,1,1,0,0,1,<2>|0.192238|80.1818
conv,16,512,13,13,64,1,1,1,1,0,0,1,<1>|0.0639363|66.9091
conv,16,512,13,13,64,1,1,1,1,0,0,1,<0>|0.0504717|110
conv,16,64,13,13,256,3,3,1,1,1,1,1,<5>|0.330694|158
conv,16,64,13,13,256,3,3,1,1,1,1,1,<4>|0.198049|125.455
conv,16,64,13,13,256,3,3,1,1,1,1,1,<1>|0.123708|98
conv,16,64,13,13,256,3,3,1,1,1,1,1,<2>|0.157922|135
conv,16,64,13,13,256,3,3,1,1,1,1,1,<6>|0.0682043|134
conv,16,64,13,13,256,3,3,1,1,1,1,1,<0>|0.114043|171.727
conv,16,64,13,13,256,3,3,1,1,1,1,1,<7>|0.0654449|128
conv,16,64,13,13,256,1,1,1,1,0,0,1,<4>|0.197024|128.091
conv,16,64,13,13,256,1,1,1,1,0,0,1,<5>|0.104195|117
conv,16,64,13,13,256,1,1,1,1,0,0,1,<1>|0.0242944|88.0909
conv,16,64,13,13,256,1,1,1,1,0,0,1,<2>|0.0493477|88
conv,16,64,13,13,256,1,1,1,1,0,0,1,<0>|0.0243435|146.545
concat,16,256,13,13,<1>,<1>|0.00899831|91.0909
ew_add,16,512,13,13|0.024902|134.091
conv,16,512,13,13,1000,1,1,1,1,0,0,1,<4>|3.7472|134.214
conv,16,512,13,13,1000,1,1,1,1,0,0,1,<5>|1.20043|179.917
conv,16,512,13,13,1000,1,1,1,1,0,0,1,<2>|0.446|133.364
conv,16,512,13,13,1000,1,1,1,1,0,0,1,<1>|0.3254|155.091
conv,16,512,13,13,1000,1,1,1,1,0,0,1,<0>|0.333792|156.636
pool_avg,16,1000,13,13,5,13,13,1,1,0,0,0|0.01998|119
conv,16,96,55,55,144,1,1,1,1,0,0,1,<4>|1.27338|163
conv,16,96,55,55,144,1,1,1,1,0,0,1,<5>|0.51475|151.636
conv,16,96,55,55,144,1,1,1,1,0,0,1,<2>|0.366818|154.455
conv,16,96,55,55,144,1,1,1,1,0,0,1,<0>|0.215653|219.909
conv,16,96,55,55,144,1,1,1,1,0,0,1,<1>|0.164245|178
conv,16,16,55,55,128,3,3,1,1,1,1,1,<5>|0.384619|122.545
conv,16,16,55,55,128,3,3,1,1,1,1,1,<4>|0.339375|149
conv,16,16,55,55,128,3,3,1,1,1,1,1,<7>|0.261581|136
conv,16,16,55,55,128,3,3,1,1,1,1,1,<6>|0.263803|137
conv,16,16,55,55,128,3,3,1,1,1,1,1,<2>|0.290321|156.091
conv,16,16,55,55,128,3,3,1,1,1,1,1,<0>|0.216622|220.545
conv,16,16,55,55,128,3,3,1,1,1,1,1,<1>|0.156961|167
conv,16,128,55,55,288,1,1,1,1,0,0,1,<4>|2.928|166.923
conv,16,128,55,55,288,1,1,1,1,0,0,1,<5>|1.01337|158.636
conv,16,128,55,55,288,1,1,1,1,0,0,1,<2>|0.632846|165.636
conv,16,128,55,55,288,1,1,1,1,0,0,1,<0>|0.50575|185.364
conv,16,128,55,55,288,1,1,1,1,0,0,1,<1>|0.32388|188.909
conv,16,32,55,55,256,3,3,1,1,1,1,1,<4>|0.949294|157.636
conv,16,32,55,55,256,3,3,1,1,1,1,1,<5>|0.864316|143.091
conv,16,32,55,55,256,3,3,1,1,1,1,1,<2>|0.776857|176.273
conv,16,32,55,55,256,3,3,1,1,1,1,1,<6>|0.574286|159.182
conv,16,32,55,55,256,3,3,1,1,1,1,1,<0>|0.66975|178
conv,16,32,55,55,256,3,3,1,1,1,1,1,<1>|0.55269|167
conv,16,32,55,55,256,3,3,1,1,1,1,1,<7>|0.487152|156.273
conv,16,32,27,27,256,3,3,1,1,1,1,1,<4>|0.334042|145.364
conv,16,32,27,27,256,3,3,1,1,1,1,1,<2>|0.258516|143.455
conv,16,32,27,27,256,3,3,1,1,1,1,1,<5>|0.234957|146
conv,16,32,27,27,256,3,3,1,1,1,1,1,<1>|0.15381|153.909
conv,16,32,27,27,256,3,3,1,1,1,1,1,<0>|0.202|158.727
conv,16,32,27,27,256,3,3,1,1,1,1,1,<6>|0.132959|173.545
conv,16,32,27,27,256,3,3,1,1,1,1,1,<7>|0.132909|152.182
conv,16,256,27,27,432,1,1,1,1,0,0,1,<4>|3.03933|157.286
conv,16,256,27,27,432,1,1,1,1,0,0,1,<5>|0.598074|165.909
conv,16,256,27,27,432,1,1,1,1,0,0,1,<2>|0.468629|140
conv,16,256,27,27,432,1,1,1,1,0,0,1,<0>|0.446611|129.182
conv,16,256,27,27,432,1,1,1,1,0,0,1,<1>|0.232986|167.273
conv,16,48,27,27,384,3,3,1,1,1,1,1,<4>|0.636846|154
conv,16,48,27,27,384,3,3,1,1,1,1,1,<0>|0.526452|140.636
conv,16,48,27,27,384,3,3,1,1,1,1,1,<2>|0.460971|159.909
conv,16,48,27,27,384,3,3,1,1,1,1,1,<5>|0.4091|160.273
conv,16,48,27,27,384,3,3,1,1,1,1,1,<1>|0.328082|153.909
conv,16,48,27,27,384,3,3,1,1,1,1,1,<6>|0.257873|176.182
conv,16,48,27,27,384,3,3,1,1,1,1,1,<7>|0.219671|158
conv,16,384,27,27,576,1,1,1,1,0,0,1,<4>|5.39267|158.727
conv,16,384,27,27,576,1,1,1,1,0,0,1,<5>|1.04075|168.417
conv,16,384,27,27,576,1,1,1,1,0,0,1,<2>|0.685333|157.333
conv,16,384,27,27,576,1,1,1,1,0,0,1,<0>|0.693917|149.5
conv,16,384,27,27,576,1,1,1,1,0,0,1,<1>|0.4087|176.364
conv,16,64,27,27,512,3,3,1,1,1,1,1,<4>|1.0325|157.333
conv,16,64,27,27,512,3,3,1,1,1,1,1,<2>|0.714435|168.167
conv,16,64,27,27,512,3,3,1,1,1,1,1,<0>|0.692583|143.583
conv,16,64,27,27,512,3,3,1,1,1,1,1,<5>|0.620231|170.273
conv,16,64,27,27,512,3,3,1,1,1,1,1,<1>|0.576643|150.182
conv,16,64,27,27,512,3,3,1,1,1,1,1,<6>|0.413692|179.545
conv,16,64,27,27,512,3,3,1,1,1,1,1,<7>|0.332694|159
conv,16,64,13,13,512,3,3,1,1,1,1,1,<5>|0.595259|171.909
conv,16,64,13,13,512,3,3,1,1,1,1,1,<4>|0.349435|140.182
conv,16,64,13,13,512,3,3,1,1,1,1,1,<2>|0.249292|125.273
conv,16,64,13,13,512,3,3,1,1,1,1,1,<1>|0.177933|126.091
conv,16,64,13,13,512,3,3,1,1,1,1,1,<6>|0.11746|155.545
conv,16,64,13,13,512,3,3,1,1,1,1,1,<0>|0.203038|138
conv,16,64,13,13,512,3,3,1,1,1,1,1,<7>|0.110192|140
concat,16,64,55,55,<0>,<0>|2.81746e-06|36.2727
concat,16,128,55,55,<0>,<0>|2.82057e-06|35.9091
concat,16,128,27,27,<0>,<0>|2.8128e-06|35.9091
concat,16,192,27,27,<0>,<0>|2.80295e-06|35.9091
concat,16,256,27,27,<0>,<0>|2.80785e-06|35
concat,16,256,13,13,<0>,<0>|2.82978e-06|35
conv,4,3,222,222,96,7,7,2,2,3,3,1,<5>|2.61714|97.6923
conv,4,3,222,222,96,7,7,2,2,3,3,1,<2>|0.290857|151.091
conv,4,3,222,222,96,7,7,2,2,3,3,1,<1>|0.168758|160.6
conv,4,3,222,222,96,7,7,2,2,3,3,1,<0>|0.175217|213.091
pool_max,4,96,111,111,4,3,3,2,2,0,0,0|0.0491472|191.2
conv,4,96,55,55,16,1,1,1,1,0,0,1,<4>|0.237647|146.182
conv,4,96,55,55,16,1,1,1,1,0,0,1,<5>|0.0930465|94.7
conv,4,96,55,55,16,1,1,1,1,0,0,1,<2>|0.0788276|90.4
conv,4,96,55,55,16,1,1,1,1,0,0,1,<1>|0.0298473|100
conv,4,96,55,55,16,1,1,1,1,0,0,1,<0>|0.01778|143
conv,4,16,55,55,64,3,3,1,1,1,1,1,<4>|0.249908|150.545
conv,4,16,55,55,64,3,3,1,1,1,1,1,<6>|0.0237274|149.636
conv,4,16,55,55,64,3,3,1,1,1,1,1,<5>|0.156175|113
conv,4,16,55,55,64,3,3,1,1,1,1,1,<7>|0.117662|149.2
conv,4,16,55,55,64,3,3,1,1,1,1,1,<1>|0.0411179|111
conv,4,16,55,55,64,3,3,1,1,1,1,1,<2>|0.078078|135
conv,4,16,55,55,64,3,3,1,1,1,1,1,<0>|0.039727|182.5
conv,4,16,55,55,64,1,1,1,1,0,0,1,<4>|0.250125|151.2
conv,4,16,55,55,64,1,1,1,1,0,0,1,<5>|0.0839267|84.2
conv,4,16,55,55,64,1,1,1,1,0,0,1,<1>|0.013939|97.3
conv,4,16,55,55,64,1,1,1,1,0,0,1,<2>|0.0267346|109.5
conv,4,16,55,55,64,1,1,1,1,0,0,1,<0>|0.0186939|126
concat,4,64,55,55,<1>,<1>|0.0152369|85
conv,4,96,55,55,128,1,1,1,1,0,0,1,<4>|1.88889|171.917
conv,4,96,55,55,128,1,1,1,1,0,0,1,<5>|0.147872|141.909
conv,4,96,55,55,128,1,1,1,1,0,0,1,<2>|0.120632|113.909
conv,4,96,55,55,128,1,1,1,1,0,0,1,<1>|0.0423968|149
conv,4,96,55,55,128,1,1,1,1,0,0,1,<0>|0.0557909|191.8
ew_add,4,128,55,55|0.0272947|128
conv,4,128,55,55,16,1,1,1,1,0,0,1,<4>|0.296036|135.091
conv,4,128,55,55,16,1,1,1,1,0,0,1,<5>|0.0986994|92.7
conv,4,128,55,55,16,1,1,1,1,0,0,1,<2>|0.102744|80.4
conv,4,128,55,55,16,1,1,1,1,0,0,1,<1>|0.0372512|98
conv,4,128,55,55,16,1,1,1,1,0,0,1,<0>|0.0238423|144
conv,4,128,55,55,32,1,1,1,1,0,0,1,<4>|1.03137|147.364
conv,4,128,55,55,32,1,1,1,1,0,0,1,<5>|0.0981963|105.5
conv,4,128,55,55,32,1,1,1,1,0,0,1,<2>|0.10645|88
conv,4,128,55,55,32,1,1,1,1,0,0,1,<1>|0.0372744|108
conv,4,128,55,55,32,1,1,1,1,0,0,1,<0>|0.0263657|143
conv,4,32,55,55,128,3,3,1,1,1,1,1,<4>|0.731818|157.1
conv,4,32,55,55,128,3,3,1,1,1,1,1,<5>|0.310538|151.6
conv,4,32,55,55,128,3,3,1,1,1,1,1,<7>|0.22662|163
conv,4,32,55,55,128,3,3,1,1,1,1,1,<2>|0.179222|135.182
conv,4,32,55,55,128,3,3,1,1,1,1,1,<6>|0.0653878|172.1
conv,4,32,55,55,128,3,3,1,1,1,1,1,<1>|0.0973818|141.3
conv,4,32,55,55,128,3,3,1,1,1,1,1,<0>|0.116536|152.5
conv,4,32,55,55,128,1,1,1,1,0,0,1,<4>|0.731455|158
conv,4,32,55,55,128,1,1,1,1,0,0,1,<5>|0.10519|111.2
conv,4,32,55,55,128,1,1,1,1,0,0,1,<2>|0.0622802|108.3
conv,4,32,55,55,128,1,1,1,1,0,0,1,<1>|0.02355|128.1
conv,4,32,55,55,128,1,1,1,1,0,0,1,<0>|0.0365845|159.8
concat,4,128,55,55,<1>,<1>|0.0427787|88
conv,4,128,55,55,256,1,1,1,1,0,0,1,<4>|4.6685|162.154
conv,4,128,55,55,256,1,1,1,1,0,0,1,<5>|0.273424|154.4
conv,4,128,55,55,256,1,1,1,1,0,0,1,<2>|0.202075|128.273
conv,4,128,55,55,256,1,1,1,1,0,0,1,<0>|0.11671|208.636
conv,4,128,55,55,256,1,1,1,1,0,0,1,<1>|0.0809798|160.6
ew_add,4,256,55,55|0.0494568|137.6
pool_max,4,256,55,55,4,3,3,2,2,0,0,0|0.0335105|187.9
conv,4,256,27,27,32,1,1,1,1,0,0,1,<4>|0.488061|144
conv,4,256,27,27,32,1,1,1,1,0,0,1,<2>|0.155553|54.8
conv,4,256,27,27,32,1,1,1,1,0,0,1,<5>|0.0798607|74
conv,4,256,27,27,32,1,1,1,1,0,0,1,<1>|0.0367385|62
conv,4,256,27,27,32,1,1,1,1,0,0,1,<0>|0.0268926|77
conv,4,32,27,27,128,3,3,1,1,1,1,1,<4>|0.175565|124.818
conv,4,32,27,27,128,3,3,1,1,1,1,1,<5>|0.120269|121
conv,4,32,27,27,128,3,3,1,1,1,1,1,<7>|0.0696348|138
conv,4,32,27,27,128,3,3,1,1,1,1,1,<6>|0.0244268|118.1
conv,4,32,27,27,128,3,3,1,1,1,1,1,<1>|0.0411722|91
conv,4,32,27,27,128,3,3,1,1,1,1,1,<2>|0.08018|98
conv,4,32,27,27,128,3,3,1,1,1,1,1,<0>|0.0413488|146.8
conv,4,32,27,27,128,1,1,1,1,0,0,1,<4>|0.175043|128.1
conv,4,32,27,27,128,1,1,1,1,0,0,1,<5>|0.0451324|76
conv,4,32,27,27,128,1,1,1,1,0,0,1,<2>|0.0267412|74
conv,4,32,27,27,128,1,1,1,1,0,0,1,<1>|0.0167335|59
conv,4,32,27,27,128,1,1,1,1,0,0,1,<0>|0.0134668|103
concat,4,128,27,27,<1>,<1>|0.0137038|57
ew_add,4,256,27,27|0.015015|121
conv,4,256,27,27,48,1,1,1,1,0,0,1,<4>|0.485091|145.7
conv,4,256,27,27,48,1,1,1,1,0,0,1,<2>|0.159644|61.7273
conv,4,256,27,27,48,1,1,1,1,0,0,1,<5>|0.0930581|87.9
conv,4,256,27,27,48,1,1,1,1,0,0,1,<1>|0.0366499|66.8
conv,4,256,27,27,48,1,1,1,1,0,0,1,<0>|0.0279372|113
conv,4,48,27,27,192,3,3,1,1,1,1,1,<4>|0.315137|149
conv,4,48,27,27,192,3,3,1,1,1,1,1,<5>|0.20245|151.273
conv,4,48,27,27,192,3,3,1,1,1,1,1,<7>|0.109822|147
conv,4,48,27,27,192,3,3,1,1,1,1,1,<2>|0.121848|120.273
conv,4,48,27,27,192,3,3,1,1,1,1,1,<6>|0.0425904|129.9
conv,4,48,27,27,192,3,3,1,1,1,1,1,<1>|0.0563158|116
conv,4,48,27,27,192,3,3,1,1,1,1,1,<0>|0.0725611|168
conv,4,48,27,27,192,1,1,1,1,0,0,1,<4>|0.314039|142
conv,4,48,27,27,192,1,1,1,1,0,0,1,<2>|0.0375457|83
conv,4,48,27,27,192,1,1,1,1,0,0,1,<5>|0.0668333|86.8
conv,4,48,27,27,192,1,1,1,1,0,0,1,<1>|0.0199526|79.1
conv,4,48,27,27,192,1,1,1,1,0,0,1,<0>|0.0180451|138
concat,4,192,27,27,<1>,<1>|0.0137644|68.9
conv,4,256,27,27,384,1,1,1,1,0,0,1,<4>|2.59943|166.154
conv,4,256,27,27,384,1,1,1,1,0,0,1,<5>|0.209584|150
conv,4,256,27,27,384,1,1,1,1,0,0,1,<2>|0.223333|88
conv,4,256,27,27,384,1,1,1,1,0,0,1,<1>|0.0613716|146
conv,4,256,27,27,384,1,1,1,1,0,0,1,<0>|0.0847725|148.8
ew_add,4,384,27,27|0.0204706|135
conv,4,384,27,27,48,1,1,1,1,0,0,1,<4>|0.705826|153.1
conv,4,384,27,27,48,1,1,1,1,0,0,1,<2>|0.1784|71
conv,4,384,27,27,48,1,1,1,1,0,0,1,<5>|0.120436|98.9
conv,4,384,27,27,48,1,1,1,1,0,0,1,<1>|0.0496037|70.6
conv,4,384,27,27,48,1,1,1,1,0,0,1,<0>|0.0391883|119.8
conv,4,384,27,27,64,1,1,1,1,0,0,1,<4>|0.750182|156.273
conv,4,384,27,27,64,1,1,1,1,0,0,1,<2>|0.179865|71
conv,4,384,27,27,64,1,1,1,1,0,0,1,<5>|0.122779|100.3
conv,4,384,27,27,64,1,1,1,1,0,0,1,<1>|0.0497826|68.3
conv,4,384,27,27,64,1,1,1,1,0,0,1,<0>|0.0393464|111
conv,4,64,27,27,256,3,3,1,1,1,1,1,<4>|0.511188|146.636
conv,4,64,27,27,256,3,3,1,1,1,1,1,<5>|0.302453|156
conv,4,64,27,27,256,3,3,1,1,1,1,1,<7>|0.158255|154
conv,4,64,27,27,256,3,3,1,1,1,1,1,<2>|0.167146|141
conv,4,64,27,27,256,3,3,1,1,1,1,1,<1>|0.122916|102
conv,4,64,27,27,256,3,3,1,1,1,1,1,<6>|0.0682043|136.3
conv,4,64,27,27,256,3,3,1,1,1,1,1,<0>|0.130455|165
conv,4,64,27,27,256,1,1,1,1,0,0,1,<4>|0.50975|147.455
conv,4,64,27,27,256,1,1,1,1,0,0,1,<5>|0.0851277|96.8
conv,4,64,27,27,256,1,1,1,1,0,0,1,<2>|0.0507975|92
conv,4,64,27,27,256,1,1,1,1,0,0,1,<1>|0.0235935|85
conv,4,64,27,27,256,1,1,1,1,0,0,1,<0>|0.0258452|147.1
concat,4,256,27,27,<1>,<1>|0.0102907|90
conv,4,384,27,27,512,1,1,1,1,0,0,1,<4>|4.884|164.214
conv,4,384,27,27,512,1,1,1,1,0,0,1,<5>|0.362889|156
conv,4,384,27,27,512,1,1,1,1,0,0,1,<2>|0.286393|104.3
conv,4,384,27,27,512,1,1,1,1,0,0,1,<1>|0.121864|140
conv,4,384,27,27,512,1,1,1,1,0,0,1,<0>|0.143982|157.273
ew_add,4,512,27,27|0.0265572|134
pool_max,4,512,27,27,4,3,3,2,2,0,0,0|0.0167356|171.818
conv,4,512,13,13,64,1,1,1,1,0,0,1,<4>|0.326898|145.9
conv,4,512,13,13,64,1,1,1,1,0,0,1,<5>|0.114943|92
conv,4,512,13,13,64,1,1,1,1,0,0,1,<2>|0.118059|58
conv,4,512,13,13,64,1,1,1,1,0,0,1,<1>|0.0627188|51.9
conv,4,512,13,13,64,1,1,1,1,0,0,1,<0>|0.0323927|68
conv,4,64,13,13,256,3,3,1,1,1,1,1,<5>|0.297889|155.8
conv,4,64,13,13,256,3,3,1,1,1,1,1,<4>|0.179533|123.909
conv,4,64,13,13,256,3,3,1,1,1,1,1,<1>|0.0711467|68
conv,4,64,13,13,256,3,3,1,1,1,1,1,<2>|0.0927977|80
conv,4,64,13,13,256,3,3,1,1,1,1,1,<6>|0.0232453|119.5
conv,4,64,13,13,256,3,3,1,1,1,1,1,<7>|0.0614559|133.9
conv,4,64,13,13,256,3,3,1,1,1,1,1,<0>|0.0564437|120
conv,4,64,13,13,256,1,1,1,1,0,0,1,<4>|0.178467|133.5
conv,4,64,13,13,256,1,1,1,1,0,0,1,<5>|0.0499439|93
conv,4,64,13,13,256,1,1,1,1,0,0,1,<2>|0.0367908|62
conv,4,64,13,13,256,1,1,1,1,0,0,1,<1>|0.0226215|56
conv,4,64,13,13,256,1,1,1,1,0,0,1,<0>|0.0165263|87
concat,4,256,13,13,<1>,<1>|0.00844093|62
ew_add,4,512,13,13|0.00526555|125.5
conv,4,512,13,13,1000,1,1,1,1,0,0,1,<4>|3.6912|140.615
conv,4,512,13,13,1000,1,1,1,1,0,0,1,<5>|0.512875|147.909
conv,4,512,13,13,1000,1,1,1,1,0,0,1,<2>|0.255333|76.2727
conv,4,512,13,13,1000,1,1,1,1,0,0,1,<1>|0.106733|103
conv,4,512,13,13,1000,1,1,1,1,0,0,1,<0>|0.103231|176.1
pool_avg,4,1000,13,13,5,13,13,1,1,0,0,0|0.00714694|73
conv,4,96,55,55,144,1,1,1,1,0,0,1,<4>|2.228|149.75
conv,4,96,55,55,144,1,1,1,1,0,0,1,<5>|0.161717|130.6
conv,4,96,55,55,144,1,1,1,1,0,0,1,<2>|0.143411|116
conv,4,96,55,55,144,1,1,1,1,0,0,1,<1>|0.0516258|147.1
conv,4,96,55,55,144,1,1,1,1,0,0,1,<0>|0.0627031|192.2
conv,4,16,55,55,128,3,3,1,1,1,1,1,<4>|0.447722|142.8
conv,4,16,55,55,128,3,3,1,1,1,1,1,<5>|0.234203|121.455
conv,4,16,55,55,128,3,3,1,1,1,1,1,<7>|0.20145|141
conv,4,16,55,55,128,3,3,1,1,1,1,1,<2>|0.10898|119.9
conv,4,16,55,55,128,3,3,1,1,1,1,1,<6>|0.043874|155
conv,4,16,55,55,128,3,3,1,1,1,1,1,<1>|0.0562456|127
conv,4,16,55,55,128,3,3,1,1,1,1,1,<0>|0.0646048|189.7
conv,4,128,55,55,288,1,1,1,1,0,0,1,<4>|5.234|152.875
conv,4,128,55,55,288,1,1,1,1,0,0,1,<5>|0.300926|146.3
conv,4,128,55,55,288,1,1,1,1,0,0,1,<2>|0.233362|130.5
conv,4,128,55,55,288,1,1,1,1,0,0,1,<1>|0.0941287|166.7
conv,4,128,55,55,288,1,1,1,1,0,0,1,<0>|0.12746|217.818
conv,4,32,55,55,256,3,3,1,1,1,1,1,<4>|1.38617|153
conv,4,32,55,55,256,3,3,1,1,1,1,1,<5>|0.545867|157.364
conv,4,32,55,55,256,3,3,1,1,1,1,1,<7>|0.387857|163.364
conv,4,32,55,55,256,3,3,1,1,1,1,1,<2>|0.260516|149.636
conv,4,32,55,55,256,3,3,1,1,1,1,1,<0>|0.213368|209
conv,4,32,55,55,256,3,3,1,1,1,1,1,<6>|0.142248|161.1
conv,4,32,55,55,256,3,3,1,1,1,1,1,<1>|0.153867|158.182
conv,4,32,27,27,256,3,3,1,1,1,1,1,<4>|0.2944|143.727
conv,4,32,27,27,256,3,3,1,1,1,1,1,<5>|0.194482|143
conv,4,32,27,27,256,3,3,1,1,1,1,1,<7>|0.113014|154.1
conv,4,32,27,27,256,3,3,1,1,1,1,1,<2>|0.117358|115
conv,4,32,27,27,256,3,3,1,1,1,1,1,<0>|0.0701747|163
conv,4,32,27,27,256,3,3,1,1,1,1,1,<1>|0.0693506|99
conv,4,32,27,27,256,3,3,1,1,1,1,1,<6>|0.0411825|133
conv,4,256,27,27,432,1,1,1,1,0,0,1,<4>|2.956|154.667
conv,4,256,27,27,432,1,1,1,1,0,0,1,<5>|0.233739|141.818
conv,4,256,27,27,432,1,1,1,1,0,0,1,<2>|0.246308|85.9
conv,4,256,27,27,432,1,1,1,1,0,0,1,<1>|0.0853298|118
conv,4,256,27,27,432,1,1,1,1,0,0,1,<0>|0.106543|138.727
conv,4,48,27,27,384,3,3,1,1,1,1,1,<4>|0.583286|149.909
conv,4,48,27,27,384,3,3,1,1,1,1,1,<5>|0.34887|160
conv,4,48,27,27,384,3,3,1,1,1,1,1,<7>|0.188494|161
conv,4,48,27,27,384,3,3,1,1,1,1,1,<2>|0.170189|118
conv,4,48,27,27,384,3,3,1,1,1,1,1,<1>|0.0965663|132.9
conv,4,48,27,27,384,3,3,1,1,1,1,1,<6>|0.069713|157.9
conv,4,48,27,27,384,3,3,1,1,1,1,1,<0>|0.122244|138.1
conv,4,384,27,27,576,1,1,1,1,0,0,1,<4>|5.4895|156.059
conv,4,384,27,27,576,1,1,1,1,0,0,1,<5>|0.4046|147.8
conv,4,384,27,27,576,1,1,1,1,0,0,1,<2>|0.292073|108.9
conv,4,384,27,27,576,1,1,1,1,0,0,1,<1>|0.122611|143
conv,4,384,27,27,576,1,1,1,1,0,0,1,<0>|0.15234|163.818
conv,4,64,27,27,512,3,3,1,1,1,1,1,<4>|0.965176|152.909
conv,4,64,27,27,512,3,3,1,1,1,1,1,<5>|0.5456|169.909
conv,4,64,27,27,512,3,3,1,1,1,1,1,<7>|0.288929|162
conv,4,64,27,27,512,3,3,1,1,1,1,1,<2>|0.248369|131.091
conv,4,64,27,27,512,3,3,1,1,1,1,1,<1>|0.177495|130
conv,4,64,27,27,512,3,3,1,1,1,1,1,<0>|0.203089|144.3
conv,4,64,27,27,512,3,3,1,1,1,1,1,<6>|0.119378|161.182
conv,4,64,13,13,512,3,3,1,1,1,1,1,<5>|0.540667|169.727
conv,4,64,13,13,512,3,3,1,1,1,1,1,<4>|0.331592|131
conv,4,64,13,13,512,3,3,1,1,1,1,1,<2>|0.107624|108
conv,4,64,13,13,512,3,3,1,1,1,1,1,<7>|0.105072|139
conv,4,64,13,13,512,3,3,1,1,1,1,1,<1>|0.0713867|96
conv,4,64,13,13,512,3,3,1,1,1,1,1,<0>|0.0753239|143
conv,4,64,13,13,512,3,3,1,1,1,1,1,<6>|0.0389927|127.3
concat,4,64,55,55,<0>,<0>|3.91063e-06|36.3
concat,4,128,55,55,<0>,<0>|3.90975e-06|36
concat,4,128,27,27,<0>,<0>|3.91285e-06|36
concat,4,192,27,27,<0>,<0>|3.91011e-06|35
concat,4,256,27,27,<0>,<0>|3.92101e-06|35
concat,4,256,13,13,<0>,<0>|3.90818e-06|35
conv,1,3,299,299,32,3,3,2,2,0,0,0,<5>|3.158|94
conv,1,3,299,299,32,3,3,2,2,0,0,0,<2>|0.0373706|109
conv,1,3,299,299,32,3,3,2,2,0,0,0,<1>|0.0242576|110.5
conv,1,3,299,299,32,3,3,2,2,0,0,0,<0>|0.0263624|134.778
conv,1,32,149,149,32,3,3,1,1,0,0,0,<4>|4.723|131.583
conv,1,32,149,149,32,3,3,1,1,0,0,0,<5>|1.4185|116
conv,1,32,149,149,32,3,3,1,1,0,0,0,<7>|0.889158|150.8
conv,1,32,149,149,32,3,3,1,1,0,0,0,<6>|0.0404899|133.6
conv,1,32,149,149,32,3,3,1,1,0,0,0,<2>|0.144649|143
conv,1,32,149,149,32,3,3,1,1,0,0,0,<1>|0.0742778|111
conv,1,32,149,149,32,3,3,1,1,0,0,0,<0>|0.0694719|154.1
conv,1,32,147,147,64,3,3,1,1,1,1,0,<4>|6.13|145.75
conv,1,32,147,147,64,3,3,1,1,1,1,0,<7>|1.01838|158.4
conv,1,32,147,147,64,3,3,1,1,1,1,0,<5>|1.07347|116.8
conv,1,32,147,147,64,3,3,1,1,1,1,0,<2>|0.211421|151
conv,1,32,147,147,64,3,3,1,1,1,1,0,<1>|0.111236|124
conv,1,32,147,147,64,3,3,1,1,1,1,0,<6>|0.0676709|156
conv,1,32,147,147,64,3,3,1,1,1,1,0,<0>|0.122061|182.2
conv,1,64,73,73,80,1,1,1,1,0,0,0,<4>|4.0535|144.889
conv,1,64,73,73,80,1,1,1,1,0,0,0,<5>|0.123053|73.7
conv,1,64,73,73,80,1,1,1,1,0,0,0,<1>|0.0299925|87.8
conv,1,64,73,73,80,1,1,1,1,0,0,0,<2>|0.0494444|85.4
conv,1,64,73,73,80,1,1,1,1,0,0,0,<0>|0.0250548|133.8
conv,1,80,73,73,192,3,3,1,1,0,0,0,<4>|10.379|164.286
conv,1,80,73,73,192,3,3,1,1,0,0,0,<5>|1.52109|177.6
conv,1,80,73,73,192,3,3,1,1,0,0,0,<7>|0.728727|164.3
conv,1,80,73,73,192,3,3,1,1,0,0,0,<2>|0.248185|142.111
conv,1,80,73,73,192,3,3,1,1,0,0,0,<1>|0.156194|118
conv,1,80,73,73,192,3,3,1,1,0,0,0,<6>|0.0946118|146.8
conv,1,80,73,73,192,3,3,1,1,0,0,0,<0>|0.175956|189.4
conv,1,192,35,35,64,1,1,1,1,0,0,0,<4>|1.84867|147.5
conv,1,192,35,35,64,1,1,1,1,0,0,0,<5>|0.0755189|76
conv,1,192,35,35,64,1,1,1,1,0,0,0,<2>|0.0851702|51
conv,1,192,35,35,64,1,1,1,1,0,0,0,<1>|0.0340809|51.2222
conv,1,192,35,35,64,1,1,1,1,0,0,0,<0>|0.0189291|78
conv,1,192,35,35,48,1,1,1,1,0,0,0,<4>|1.6418|143.1
conv,1,192,35,35,48,1,1,1,1,0,0,0,<5>|0.0717232|74.3
conv,1,192,35,35,48,1,1,1,1,0,0,0,<2>|0.0848042|50
conv,1,192,35,35,48,1,1,1,1,0,0,0,<1>|0.0338101|50
conv,1,192,35,35,48,1,1,1,1,0,0,0,<0>|0.01858|75.9
conv,1,48,35,35,64,5,5,1,1,2,2,0,<4>|0.5362|138
conv,1,48,35,35,64,5,5,1,1,2,2,0,<5>|0.240866|120.9
conv,1,48,35,35,64,5,5,1,1,2,2,0,<1>|0.1396|53
conv,1,48,35,35,64,5,5,1,1,2,2,0,<2>|0.120421|78
conv,1,48,35,35,64,5,5,1,1,2,2,0,<7>|0.132992|134.1
conv,1,48,35,35,64,5,5,1,1,2,2,0,<0>|0.071|92
conv,1,64,35,35,96,3,3,1,1,1,1,0,<4>|0.986824|144
conv,1,64,35,35,96,3,3,1,1,1,1,0,<5>|0.37614|142.1
conv,1,64,35,35,96,3,3,1,1,1,1,0,<7>|0.131311|146.4
conv,1,64,35,35,96,3,3,1,1,1,1,0,<1>|0.0752113|63.3
conv,1,64,35,35,96,3,3,1,1,1,1,0,<6>|0.02667|86.8
conv,1,64,35,35,96,3,3,1,1,1,1,0,<2>|0.0785196|76
conv,1,64,35,35,96,3,3,1,1,1,1,0,<0>|0.0572357|86
conv,1,96,35,35,96,3,3,1,1,1,1,0,<4>|1.42183|143.818
conv,1,96,35,35,96,3,3,1,1,1,1,0,<5>|0.495939|148.7
conv,1,96,35,35,96,3,3,1,1,1,1,0,<6>|0.0336555|90.6
conv,1,96,35,35,96,3,3,1,1,1,1,0,<7>|0.172409|147.8
conv,1,96,35,35,96,3,3,1,1,1,1,0,<1>|0.105124|64
conv,1,96,35,35,96,3,3,1,1,1,1,0,<2>|0.0906893|88
conv,1,96,35,35,96,3,3,1,1,1,1,0,<0>|0.0799005|90
pool_avg,1,192,35,35,5,3,3,1,1,1,1,0|0.0122168|152.3
conv,1,192,35,35,32,1,1,1,1,0,0,0,<4>|1.455|149
conv,1,192,35,35,32,1,1,1,1,0,0,0,<2>|0.0843053|46
conv,1,192,35,35,32,1,1,1,1,0,0,0,<5>|0.0626484|63
conv,1,192,35,35,32,1,1,1,1,0,0,0,<1>|0.0334979|48.7
conv,1,192,35,35,32,1,1,1,1,0,0,0,<0>|0.0183459|59
conv,1,256,35,35,64,1,1,1,1,0,0,0,<4>|2.40629|144.1
conv,1,256,35,35,64,1,1,1,1,0,0,0,<5>|0.0992593|75
conv,1,256,35,35,64,1,1,1,1,0,0,0,<2>|0.109061|50
conv,1,256,35,35,64,1,1,1,1,0,0,0,<1>|0.0405|50.2
conv,1,256,35,35,64,1,1,1,1,0,0,0,<0>|0.0221133|80.8
conv,1,256,35,35,48,1,1,1,1,0,0,0,<4>|2.13125|145
conv,1,256,35,35,48,1,1,1,1,0,0,0,<5>|0.0816429|80.5
conv,1,256,35,35,48,1,1,1,1,0,0,0,<2>|0.10873|50
conv,1,256,35,35,48,1,1,1,1,0,0,0,<1>|0.039995|50.9
conv,1,256,35,35,48,1,1,1,1,0,0,0,<0>|0.0218038|79.4
pool_avg,1,256,35,35,5,3,3,1,1,1,1,0|0.0152023|155.9
conv,1,288,35,35,64,1,1,1,1,0,0,0,<4>|2.694|168.3
conv,1,288,35,35,64,1,1,1,1,0,0,0,<2>|0.110386|59
conv,1,288,35,35,64,1,1,1,1,0,0,0,<1>|0.0435|59
conv,1,288,35,35,64,1,1,1,1,0,0,0,<5>|0.108608|88
conv,1,288,35,35,64,1,1,1,1,0,0,0,<0>|0.0237715|94.8889
conv,1,288,35,35,48,1,1,1,1,0,0,0,<4>|2.39543|165.6
conv,1,288,35,35,48,1,1,1,1,0,0,0,<5>|0.0934535|92
conv,1,288,35,35,48,1,1,1,1,0,0,0,<2>|0.110068|58
conv,1,288,35,35,48,1,1,1,1,0,0,0,<1>|0.0432541|58
conv,1,288,35,35,48,1,1,1,1,0,0,0,<0>|0.0234181|93.3
pool_avg,1,288,35,35,5,3,3,1,1,1,1,0|0.0168442|162.7
conv,1,288,35,35,384,3,3,2,2,0,0,0,<5>|4.004|182.778
conv,1,288,35,35,384,3,3,2,2,0,0,0,<1>|0.276379|61.5556
conv,1,288,35,35,384,3,3,2,2,0,0,0,<2>|0.231514|90.9
conv,1,288,35,35,384,3,3,2,2,0,0,0,<0>|0.209143|96.7
conv,1,96,35,35,96,3,3,2,2,0,0,0,<5>|0.484882|151.6
conv,1,96,35,35,96,3,3,2,2,0,0,0,<1>|0.101233|47
conv,1,96,35,35,96,3,3,2,2,0,0,0,<2>|0.0862043|53
conv,1,96,35,35,96,3,3,2,2,0,0,0,<0>|0.0530795|60
conv,1,768,17,17,192,1,1,1,1,0,0,0,<4>|3.8372|148.462
conv,1,768,17,17,192,1,1,1,1,0,0,0,<5>|0.209195|106.8
conv,1,768,17,17,192,1,1,1,1,0,0,0,<1>|0.0921379|50.4
conv,1,768,17,17,192,1,1,1,1,0,0,0,<2>|0.126646|54.8
conv,1,768,17,17,192,1,1,1,1,0,0,0,<0>|0.0483927|77
conv,1,768,17,17,128,1,1,1,1,0,0,0,<4>|2.67886|145.417
conv,1,768,17,17,128,1,1,1,1,0,0,0,<5>|0.154327|101
conv,1,768,17,17,128,1,1,1,1,0,0,0,<1>|0.0921379|47
conv,1,768,17,17,128,1,1,1,1,0,0,0,<2>|0.126205|50
conv,1,768,17,17,128,1,1,1,1,0,0,0,<0>|0.0483193|65
conv,1,128,17,17,128,1,7,1,1,0,3,0,<4>|0.503625|139.9
conv,1,128,17,17,128,1,7,1,1,0,3,0,<1>|0.108054|47
conv,1,128,17,17,128,1,7,1,1,0,3,0,<5>|0.0454051|73.2
conv,1,128,17,17,128,1,7,1,1,0,3,0,<2>|0.0797214|58
conv,1,128,17,17,128,1,7,1,1,0,3,0,<0>|0.0552207|65
conv,1,128,17,17,192,7,1,1,1,3,0,0,<4>|0.737636|141.7
conv,1,128,17,17,192,7,1,1,1,3,0,0,<1>|0.108054|50.3
conv,1,128,17,17,192,7,1,1,1,3,0,0,<2>|0.103342|60
conv,1,128,17,17,192,7,1,1,1,3,0,0,<5>|0.0554948|80.7
conv,1,128,17,17,192,7,1,1,1,3,0,0,<0>|0.0548836|78.7
conv,1,128,17,17,128,7,1,1,1,3,0,0,<4>|0.503|141.8
conv,1,128,17,17,128,7,1,1,1,3,0,0,<1>|0.107987|47
conv,1,128,17,17,128,7,1,1,1,3,0,0,<2>|0.103|54
conv,1,128,17,17,128,7,1,1,1,3,0,0,<5>|0.045914|72
conv,1,128,17,17,128,7,1,1,1,3,0,0,<0>|0.0548014|66
conv,1,128,17,17,192,1,7,1,1,0,3,0,<4>|0.737364|143.4
conv,1,128,17,17,192,1,7,1,1,0,3,0,<1>|0.108135|50.1
conv,1,128,17,17,192,1,7,1,1,0,3,0,<2>|0.0803|65
conv,1,128,17,17,192,1,7,1,1,0,3,0,<5>|0.0554048|81
conv,1,128,17,17,192,1,7,1,1,0,3,0,<0>|0.0548562|78
pool_avg,1,768,17,17,5,3,3,1,1,1,1,0|0.0119805|146.9
conv,1,768,17,17,160,1,1,1,1,0,0,0,<4>|3.2224|171.5
conv,1,768,17,17,160,1,1,1,1,0,0,0,<5>|0.202987|113.556
conv,1,768,17,17,160,1,1,1,1,0,0,0,<1>|0.0917943|58
conv,1,768,17,17,160,1,1,1,1,0,0,0,<2>|0.126173|60
conv,1,768,17,17,160,1,1,1,1,0,0,0,<0>|0.0480961|83
conv,1,160,17,17,160,1,7,1,1,0,3,0,<4>|0.754545|168
conv,1,160,17,17,160,1,7,1,1,0,3,0,<1>|0.130894|58
conv,1,160,17,17,160,1,7,1,1,0,3,0,<2>|0.0894302|74
conv,1,160,17,17,160,1,7,1,1,0,3,0,<5>|0.0595985|91.6
conv,1,160,17,17,160,1,7,1,1,0,3,0,<0>|0.0664647|84
conv,1,160,17,17,192,7,1,1,1,3,0,0,<4>|0.896333|168.9
conv,1,160,17,17,192,7,1,1,1,3,0,0,<5>|0.0664149|94.9
conv,1,160,17,17,192,7,1,1,1,3,0,0,<1>|0.130715|58.1
conv,1,160,17,17,192,7,1,1,1,3,0,0,<2>|0.112462|73
conv,1,160,17,17,192,7,1,1,1,3,0,0,<0>|0.0664398|92
conv,1,160,17,17,160,7,1,1,1,3,0,0,<4>|0.754364|168.1
conv,1,160,17,17,160,7,1,1,1,3,0,0,<5>|0.0597985|91
conv,1,160,17,17,160,7,1,1,1,3,0,0,<1>|0.130699|58
conv,1,160,17,17,160,7,1,1,1,3,0,0,<2>|0.112448|69
conv,1,160,17,17,160,7,1,1,1,3,0,0,<0>|0.0663983|84
conv,1,160,17,17,192,1,7,1,1,0,3,0,<4>|0.896222|169
conv,1,160,17,17,192,1,7,1,1,0,3,0,<5>|0.0669167|95
conv,1,160,17,17,192,1,7,1,1,0,3,0,<1>|0.130927|58
conv,1,160,17,17,192,1,7,1,1,0,3,0,<2>|0.0894525|79
conv,1,160,17,17,192,1,7,1,1,0,3,0,<0>|0.066473|91.3
conv,1,192,17,17,192,1,7,1,1,0,3,0,<4>|1.06612|169.273
conv,1,192,17,17,192,1,7,1,1,0,3,0,<1>|0.154058|58.2
conv,1,192,17,17,192,1,7,1,1,0,3,0,<5>|0.0863871|93
conv,1,192,17,17,192,1,7,1,1,0,3,0,<2>|0.0992469|81
conv,1,192,17,17,192,1,7,1,1,0,3,0,<0>|0.0780976|92
conv,1,192,17,17,192,7,1,1,1,3,0,0,<4>|1.066|169.455
conv,1,192,17,17,192,7,1,1,1,3,0,0,<5>|0.0869674|81.1
conv,1,192,17,17,192,7,1,1,1,3,0,0,<1>|0.154462|51
conv,1,192,17,17,192,7,1,1,1,3,0,0,<2>|0.122641|65
conv,1,192,17,17,192,7,1,1,1,3,0,0,<0>|0.0784098|79
conv,1,192,17,17,320,3,3,2,2,0,0,0,<5>|0.905111|167.7
conv,1,192,17,17,320,3,3,2,2,0,0,0,<1>|0.188023|46
conv,1,192,17,17,320,3,3,2,2,0,0,0,<2>|0.124729|50
conv,1,192,17,17,320,3,3,2,2,0,0,0,<0>|0.0978537|54
conv,1,192,17,17,192,3,3,2,2,0,0,0,<5>|0.578571|161.2
conv,1,192,17,17,192,3,3,2,2,0,0,0,<1>|0.187488|44
conv,1,192,17,17,192,3,3,2,2,0,0,0,<2>|0.124744|47
conv,1,192,17,17,192,3,3,2,2,0,0,0,<0>|0.0976951|48
conv,1,1280,8,8,320,1,1,1,1,0,0,0,<4>|3.304|134.4
conv,1,1280,8,8,320,1,1,1,1,0,0,0,<5>|0.448333|121
conv,1,1280,8,8,320,1,1,1,1,0,0,0,<1>|0.142982|46
conv,1,1280,8,8,320,1,1,1,1,0,0,0,<2>|0.143607|47
conv,1,1280,8,8,320,1,1,1,1,0,0,0,<0>|0.074493|53
conv,1,1280,8,8,384,1,1,1,1,0,0,0,<4>|3.9836|135.143
conv,1,1280,8,8,384,1,1,1,1,0,0,0,<5>|0.472471|132
conv,1,1280,8,8,384,1,1,1,1,0,0,0,<1>|0.143304|47
conv,1,1280,8,8,384,1,1,1,1,0,0,0,<2>|0.143821|48
conv,1,1280,8,8,384,1,1,1,1,0,0,0,<0>|0.0745395|55.3
conv,1,384,8,8,384,1,3,1,1,0,1,0,<4>|1.28554|133.4
conv,1,384,8,8,384,1,3,1,1,0,1,0,<5>|0.175348|118.6
conv,1,384,8,8,384,1,3,1,1,0,1,0,<1>|0.133273|48
conv,1,384,8,8,384,1,3,1,1,0,1,0,<2>|0.098184|51
conv,1,384,8,8,384,1,3,1,1,0,1,0,<0>|0.0678305|56
conv,1,384,8,8,384,3,1,1,1,1,0,0,<4>|1.28538|133
conv,1,384,8,8,384,3,1,1,1,1,0,0,<5>|0.175|117.3
conv,1,384,8,8,384,3,1,1,1,1,0,0,<1>|0.133817|47
conv,1,384,8,8,384,3,1,1,1,1,0,0,<2>|0.116696|49
conv,1,384,8,8,384,3,1,1,1,1,0,0,<0>|0.0679831|55
conv,1,1280,8,8,448,1,1,1,1,0,0,0,<4>|4.536|136.083
conv,1,1280,8,8,448,1,1,1,1,0,0,0,<5>|0.504687|140.8
conv,1,1280,8,8,448,1,1,1,1,0,0,0,<1>|0.143214|48
conv,1,1280,8,8,448,1,1,1,1,0,0,0,<2>|0.143839|49
conv,1,1280,8,8,448,1,1,1,1,0,0,0,<0>|0.0744074|58
conv,1,448,8,8,384,3,3,1,1,1,1,0,<5>|2.284|171.833
conv,1,448,8,8,384,3,3,1,1,1,1,0,<4>|1.50764|134.5
conv,1,448,8,8,384,3,3,1,1,1,1,0,<1>|0.443351|49
conv,1,448,8,8,384,3,3,1,1,1,1,0,<6>|0.127873|75
conv,1,448,8,8,384,3,3,1,1,1,1,0,<2>|0.283719|56
conv,1,448,8,8,384,3,3,1,1,1,1,0,<0>|0.255333|56
conv,1,448,8,8,384,3,3,1,1,1,1,0,<7>|0.197605|134.8
conv,1,1280,8,8,192,1,1,1,1,0,0,0,<4>|2.1605|130.091
conv,1,1280,8,8,192,1,1,1,1,0,0,0,<5>|0.305547|112
conv,1,1280,8,8,192,1,1,1,1,0,0,0,<1>|0.142513|44
conv,1,1280,8,8,192,1,1,1,1,0,0,0,<2>|0.143661|44.1
conv,1,1280,8,8,192,1,1,1,1,0,0,0,<0>|0.0743333|48
conv,1,2048,8,8,320,1,1,1,1,0,0,0,<4>|5.164|131.071
conv,1,2048,8,8,320,1,1,1,1,0,0,0,<5>|0.6885|123.5
conv,1,2048,8,8,320,1,1,1,1,0,0,0,<2>|0.176615|49
conv,1,2048,8,8,320,1,1,1,1,0,0,0,<1>|0.220356|46
conv,1,2048,8,8,320,1,1,1,1,0,0,0,<0>|0.114071|53
conv,1,2048,8,8,384,1,1,1,1,0,0,0,<4>|6.19867|129.917
conv,1,2048,8,8,384,1,1,1,1,0,0,0,<5>|0.725652|135.4
conv,1,2048,8,8,384,1,1,1,1,0,0,0,<1>|0.220164|47
conv,1,2048,8,8,384,1,1,1,1,0,0,0,<2>|0.176901|50
conv,1,2048,8,8,384,1,1,1,1,0,0,0,<0>|0.114028|56
conv,1,2048,8,8,448,1,1,1,1,0,0,0,<4>|7.18733|128.4
conv,1,2048,8,8,448,1,1,1,1,0,0,0,<5>|0.768286|144.5
conv,1,2048,8,8,448,1,1,1,1,0,0,0,<1>|0.220384|48
conv,1,2048,8,8,448,1,1,1,1,0,0,0,<2>|0.176945|52
conv,1,2048,8,8,448,1,1,1,1,0,0,0,<0>|0.113929|59
conv,1,2048,8,8,192,1,1,1,1,0,0,0,<4>|3.6252|120.5
conv,1,2048,8,8,192,1,1,1,1,0,0,0,<5>|0.463086|115.2
conv,1,2048,8,8,192,1,1,1,1,0,0,0,<1>|0.219315|44
conv,1,2048,8,8,192,1,1,1,1,0,0,0,<2>|0.176725|46
conv,1,2048,8,8,192,1,1,1,1,0,0,0,<0>|0.113773|48
conv,1,192,35,35,112,1,1,1,1,0,0,0,<4>|3.3228|145.5
conv,1,192,35,35,112,1,1,1,1,0,0,0,<5>|0.10684|85.6667
conv,1,192,35,35,112,1,1,1,1,0,0,0,<2>|0.0912045|56
conv,1,192,35,35,112,1,1,1,1,0,0,0,<1>|0.0344516|60.6
conv,1,192,35,35,112,1,1,1,1,0,0,0,<0>|0.0254349|94.8
conv,1,192,35,35,128,1,1,1,1,0,0,0,<4>|3.5224|149.273
conv,1,192,35,35,128,1,1,1,1,0,0,0,<5>|0.106867|87.8
conv,1,192,35,35,128,1,1,1,1,0,0,0,<2>|0.0913864|57
conv,1,192,35,35,128,1,1,1,1,0,0,0,<1>|0.0344387|61
conv,1,192,35,35,128,1,1,1,1,0,0,0,<0>|0.0255719|94.8
conv,1,256,35,35,112,1,1,1,1,0,0,0,<4>|4.338|147.273
conv,1,256,35,35,112,1,1,1,1,0,0,0,<5>|0.117416|94.6
conv,1,256,35,35,112,1,1,1,1,0,0,0,<2>|0.116964|56
conv,1,256,35,35,112,1,1,1,1,0,0,0,<1>|0.0408622|61.2
conv,1,256,35,35,112,1,1,1,1,0,0,0,<0>|0.0306539|96
conv,1,256,35,35,128,1,1,1,1,0,0,0,<4>|4.6075|148.75
conv,1,256,35,35,128,1,1,1,1,0,0,0,<5>|0.120541|95.5
conv,1,256,35,35,128,1,1,1,1,0,0,0,<2>|0.117007|57
conv,1,256,35,35,128,1,1,1,1,0,0,0,<1>|0.0408418|62
conv,1,256,35,35,128,1,1,1,1,0,0,0,<0>|0.0307923|98
conv,1,288,35,35,112,1,1,1,1,0,0,0,<4>|4.8735|147.846
conv,1,288,35,35,112,1,1,1,1,0,0,0,<5>|0.12287|99
conv,1,288,35,35,112,1,1,1,1,0,0,0,<2>|0.119259|58
conv,1,288,35,35,112,1,1,1,1,0,0,0,<1>|0.0440714|62
conv,1,288,35,35,112,1,1,1,1,0,0,0,<0>|0.0332365|97.9
conv,1,288,35,35,128,1,1,1,1,0,0,0,<4>|5.166|149.286
conv,1,288,35,35,128,1,1,1,1,0,0,0,<5>|0.134571|96
conv,1,288,35,35,128,1,1,1,1,0,0,0,<2>|0.119244|58
conv,1,288,35,35,128,1,1,1,1,0,0,0,<1>|0.044044|62.3
conv,1,288,35,35,128,1,1,1,1,0,0,0,<0>|0.0333056|98.7
conv,1,768,17,17,320,1,1,1,1,0,0,0,<4>|6.02333|151.833
conv,1,768,17,17,320,1,1,1,1,0,0,0,<5>|0.2956|119.1
conv,1,768,17,17,320,1,1,1,1,0,0,0,<2>|0.144486|61
conv,1,768,17,17,320,1,1,1,1,0,0,0,<1>|0.0922989|58
conv,1,768,17,17,320,1,1,1,1,0,0,0,<0>|0.0717848|83
conv,1,768,17,17,256,1,1,1,1,0,0,0,<4>|5.0265|150.857
conv,1,768,17,17,256,1,1,1,1,0,0,0,<5>|0.226704|123
conv,1,768,17,17,256,1,1,1,1,0,0,0,<1>|0.0920345|55
conv,1,768,17,17,256,1,1,1,1,0,0,0,<2>|0.126677|60
conv,1,768,17,17,256,1,1,1,1,0,0,0,<0>|0.0484592|91.1
conv,1,768,17,17,352,1,1,1,1,0,0,0,<5>|0.303321|124
conv,1,768,17,17,352,1,1,1,1,0,0,0,<2>|0.144577|62
conv,1,768,17,17,352,1,1,1,1,0,0,0,<1>|0.0923218|61
conv,1,768,17,17,352,1,1,1,1,0,0,0,<0>|0.0718386|86.1
conv,1,768,17,17,384,1,1,1,1,0,0,0,<5>|0.313|129
conv,1,768,17,17,384,1,1,1,1,0,0,0,<2>|0.144793|64
conv,1,768,17,17,384,1,1,1,1,0,0,0,<1>|0.0923333|61
conv,1,768,17,17,384,1,1,1,1,0,0,0,<0>|0.0720901|90.2
conv,1,1280,8,8,704,1,1,1,1,0,0,0,<4>|6.73|139.5
conv,1,1280,8,8,704,1,1,1,1,0,0,0,<5>|0.875474|132.7
conv,1,1280,8,8,704,1,1,1,1,0,0,0,<1>|0.143089|53
conv,1,1280,8,8,704,1,1,1,1,0,0,0,<2>|0.144342|55
conv,1,1280,8,8,704,1,1,1,1,0,0,0,<0>|0.0746233|69
conv,1,1280,8,8,768,1,1,1,1,0,0,0,<5>|0.946471|132
conv,1,1280,8,8,768,1,1,1,1,0,0,0,<1>|0.143089|54
conv,1,1280,8,8,768,1,1,1,1,0,0,0,<2>|0.144414|56
conv,1,1280,8,8,768,1,1,1,1,0,0,0,<0>|0.0745116|72
conv,1,1280,8,8,832,1,1,1,1,0,0,0,<5>|1.00325|134.111
conv,1,1280,8,8,832,1,1,1,1,0,0,0,<1>|0.143107|55
conv,1,1280,8,8,832,1,1,1,1,0,0,0,<2>|0.144486|57
conv,1,1280,8,8,832,1,1,1,1,0,0,0,<0>|0.0745581|74
conv,1,384,8,8,768,3,3,1,1,1,1,0,<5>|3.704|174.75
conv,1,384,8,8,768,3,3,1,1,1,1,0,<4>|2.46|140.273
conv,1,384,8,8,768,3,3,1,1,1,1,0,<1>|0.391415|60
conv,1,384,8,8,768,3,3,1,1,1,1,0,<2>|0.263082|69.5556
conv,1,384,8,8,768,3,3,1,1,1,1,0,<7>|0.32624|140.9
conv,1,384,8,8,768,3,3,1,1,1,1,0,<0>|0.227915|74.1
conv,1,384,8,8,768,3,3,1,1,1,1,0,<6>|0.13141|100
conv,1,2048,8,8,704,1,1,1,1,0,0,0,<5>|1.35433|132.5
conv,1,2048,8,8,704,1,1,1,1,0,0,0,<1>|0.226592|55
conv,1,2048,8,8,704,1,1,1,1,0,0,0,<2>|0.245333|57
conv,1,2048,8,8,704,1,1,1,1,0,0,0,<0>|0.134471|68
conv,1,2048,8,8,768,1,1,1,1,0,0,0,<5>|1.47764|132.9
conv,1,2048,8,8,768,1,1,1,1,0,0,0,<1>|0.227465|58
conv,1,2048,8,8,768,1,1,1,1,0,0,0,<2>|0.245909|58.1
conv,1,2048,8,8,768,1,1,1,1,0,0,0,<0>|0.154212|68
conv,1,2048,8,8,832,1,1,1,1,0,0,0,<5>|1.54055|135.7
conv,1,2048,8,8,832,1,1,1,1,0,0,0,<1>|0.227606|59
conv,1,2048,8,8,832,1,1,1,1,0,0,0,<2>|0.246923|59.3333
conv,1,2048,8,8,832,1,1,1,1,0,0,0,<0>|0.154404|70
conv,1,2048,8,8,1152,1,1,1,1,0,0,0,<5>|1.83333|149.5
conv,1,2048,8,8,1152,1,1,1,1,0,0,0,<1>|0.228141|66
conv,1,2048,8,8,1152,1,1,1,1,0,0,0,<2>|0.248769|66
conv,1,2048,8,8,1152,1,1,1,1,0,0,0,<0>|0.156427|81
conv,1,1280,8,8,1152,1,1,1,1,0,0,0,<5>|1.20343|148
conv,1,1280,8,8,1152,1,1,1,1,0,0,0,<1>|0.149074|63.9
conv,1,1280,8,8,1152,1,1,1,1,0,0,0,<2>|0.204152|61
conv,1,1280,8,8,1152,1,1,1,1,0,0,0,<0>|0.0900899|84
conv,1,768,17,17,448,1,1,1,1,0,0,0,<5>|0.332245|137
conv,1,768,17,17,448,1,1,1,1,0,0,0,<2>|0.145473|67
conv,1,768,17,17,448,1,1,1,1,0,0,0,<1>|0.0925665|64
conv,1,768,17,17,448,1,1,1,1,0,0,0,<0>|0.0723874|97
conv,1,768,17,17,576,1,1,1,1,0,0,0,<5>|0.417231|138.8
conv,1,768,17,17,576,1,1,1,1,0,0,0,<2>|0.151283|72.5
conv,1,768,17,17,576,1,1,1,1,0,0,0,<1>|0.0928671|71
conv,1,768,17,17,576,1,1,1,1,0,0,0,<0>|0.076756|109.1
conv,1,768,17,17,512,1,1,1,1,0,0,0,<5>|0.397366|131.8
conv,1,768,17,17,512,1,1,1,1,0,0,0,<2>|0.145564|70
conv,1,768,17,17,512,1,1,1,1,0,0,0,<1>|0.092578|68
conv,1,768,17,17,512,1,1,1,1,0,0,0,<0>|0.0724615|105.4
conv,1,288,35,35,176,1,1,1,1,0,0,0,<4>|7.266|148.867
conv,1,288,35,35,176,1,1,1,1,0,0,0,<5>|0.149185|112.1
conv,1,288,35,35,176,1,1,1,1,0,0,0,<2>|0.121621|64
conv,1,288,35,35,176,1,1,1,1,0,0,0,<1>|0.0447151|72
conv,1,288,35,35,176,1,1,1,1,0,0,0,<0>|0.0354812|120.8
conv,1,256,35,35,176,1,1,1,1,0,0,0,<4>|6.432|149.077
conv,1,256,35,35,176,1,1,1,1,0,0,0,<5>|0.138086|109.667
conv,1,256,35,35,176,1,1,1,1,0,0,0,<2>|0.119304|62.7
conv,1,256,35,35,176,1,1,1,1,0,0,0,<1>|0.0415285|71.8889
conv,1,256,35,35,176,1,1,1,1,0,0,0,<0>|0.0326735|118.778
conv,1,192,35,35,176,1,1,1,1,0,0,0,<4>|16.554|76.1
conv,1,192,35,35,176,1,1,1,1,0,0,0,<5>|0.120104|100
conv,1,192,35,35,176,1,1,1,1,0,0,0,<2>|0.0932907|62
conv,1,192,35,35,176,1,1,1,1,0,0,0,<1>|0.0351053|70.1111
conv,1,192,35,35,176,1,1,1,1,0,0,0,<0>|0.0274315|121.9
